0
30000
30000
30000
30000
30000
30000
30000
30000
29950
30050
30000
30000
30000
30000
30000
30000
30000
30000
30000
30000
30000
30000
30000
30000
30000
30000
30000
30000
30000
30000
1200
1200
1200
1200
1200
1200
2400
2400
2400
2400
2400
2400
2400
2400
2400
2400
2400
2400
3600
3600
3600
3600
3600
3600
3600
3600
4800
4800
4800
4800
4800
4800
6000
6000
6000
6000
6000
6000
6000
6000
6000
6000
6000
6000
6000
6000
6000
6000
6000
6000
6000
6000
6000
6000
6000
6000
7200
7200
7200
7200
7200
7200
7200
7200
7200
7200
7200
7200
7200
7200
7200
7200
7200
7200
7200
7200
7200
7200
7200
7200
9600
9600
9600
9600
9600
9600
9600
9600
9600
9600
9600
9600
10800
10800
10800
10800
10800
10800
10800
10800
10800
10800
10800
10800
10800
10800
10800
10800
10800
10800
10800
10800
10800
10800
10800
10800
10800
10800
10800
10800
10800
10800
12000
12000
12000
12000
12000
12000
12000
12000
12000
12000
12000
12000
12000
12000
12000
12000
12000
12000
12000
12000
12000
12000
12000
12000
13200
13200
13200
13200
13200
13200
13200
13200
13200
13200
13200
13200
13200
13200
13200
13200
13200
13200
13200
13200
13200
13200
13200
13200
14400
14400
14400
14400
14400
14400
14400
14400
15600
15600
15600
15600
15600
15600
15600
15600
15600
15600
15600
15600
15600
15600
15600
15600
15600
15600
15600
15600
15600
15600
15600
15600
16800
16800
16800
16800
16800
16800
16800
16800
16800
16800
16800
16800
16800
16800
16800
16800
16800
16800
16800
16800
16800
16800
16800
16800
16800
16800
16800
16800
16800
16800
16800
16800
16800
16800
16800
16800
16800
16800
16800
16800
16800
16800
16800
16800
16800
16800
16800
16800
19200
19200
19200
19200
19200
19200
20400
20400
20400
20400
20400
20400
20400
20400
20400
20400
20400
20400
20400
20400
20400
20400
20400
20400
20400
20400
20400
20400
20400
20400
20400
20400
20400
20400
20400
20400
20400
20400
20400
20400
20400
20400
20400
20400
20400
20400
20400
20400
20400
20400
20400
20400
20400
20400
21600
21600
21600
21600
21600
21600
21600
21600
21600
21600
21600
21600
21600
21600
21600
21600
21600
21600
21600
21600
21600
21600
21600
21600
21600
21600
21600
21600
21600
21600
21600
21600
21600
21600
21600
21600
22800
22800
22800
22800
22800
22800
22800
22800
22800
22800
22800
22800
22800
22800
22800
22800
22800
22800
22800
22800
22800
22800
22800
22800
24000
24000
24000
24000
24000
24000
24000
24000
24000
24000
24000
24000
24000
24000
24000
24000
24000
24000
24000
24000
24000
24000
24000
24000
25200
25200
25200
25200
25200
25200
25200
25200
25200
25200
25200
25200
25200
25200
25200
25200
25200
25200
25200
25200
25200
25200
25200
25200
25200
25200
25200
25200
25200
25200
25200
25200
25200
25200
25200
25200
25200
25200
25200
25200
25200
25200
25200
25200
25200
25200
25200
25200
26400
26400
26400
26400
26400
26400
26400
26400
26400
26400
26400
26400
26400
26400
26400
26400
26400
26400
26400
26400
26400
26400
26400
26400
28800
28800
28800
28800
28800
28800
28800
28800
28800
28800
28800
28800
28800
28800
28800
28800
28800
28800
28800
28800
28800
28800
28800
28800
