0
450
450
450
450
450
450
950
950
950
950
950
950
950
950
950
950
950
950
1400
1400
1400
1400
1400
1400
1400
1400
1900
1900
1900
1900
1850
1900
2350
2350
2350
2350
2350
2350
2350
2350
2350
2350
2350
2350
2350
2350
2350
2350
2350
2350
2350
2350
2350
2350
2350
2350
2800
2800
2800
2800
2800
2800
2800
2800
2800
2800
2800
2800
2800
2800
2800
2800
2800
2800
2800
2800
2800
2800
2800
2800
3750
3750
3750
3750
3750
3750
3750
3750
3750
3750
3750
3750
4200
4200
4200
4200
4200
4200
4200
4250
4250
4200
4200
4250
4250
4200
4200
4200
4200
4200
4200
4250
4250
4200
4200
4250
4250
4200
4200
4200
4200
4250
4700
4700
4700
4700
4700
4700
4700
4700
4700
4700
4700
4700
4700
4700
4700
4700
4700
4700
4700
4700
4700
4700
4700
4700
5150
5150
5150
5150
5150
5150
5150
5150
5150
5150
5150
5150
5150
5150
5150
5150
5150
5150
5150
5150
5150
5150
5150
5150
5600
5650
5650
5600
5600
5650
5650
5600
6100
6100
6100
6100
6100
6100
6100
6100
6100
6100
6100
6100
6100
6100
6100
6100
6100
6100
6100
6100
6100
6100
6100
6100
6550
6550
6550
6550
6550
6550
6550
6550
6550
6550
6550
6550
6550
6550
6550
6550
6550
6550
6550
6550
6550
6550
6550
6550
6550
6550
6550
6550
6550
6550
6550
6550
6550
6550
6550
6550
6550
6550
6550
6550
6550
6550
6550
6550
6550
6550
6550
6550
7500
7500
7500
7500
7500
7500
7950
7950
7950
7950
7950
7950
7950
7950
7950
8000
8000
7950
7950
8000
8000
7950
7950
8000
8000
7950
7950
8000
8000
7950
7950
8000
8000
7950
7950
8000
8000
7950
7950
7950
7950
8000
8000
7950
7950
7950
7950
7950
7950
7950
7950
8000
8000
7950
8450
8450
8450
8450
8450
8450
8450
8450
8450
8450
8450
8450
8450
8450
8450
8450
8450
8450
8450
8450
8400
8450
8450
8400
8400
8450
8450
8400
8450
8450
8450
8450
8450
8450
8450
8450
8900
8900
8900
8900
8900
8900
8900
8900
8900
8900
8900
8900
8900
8900
8900
8900
8900
8900
8900
8900
8900
8900
8900
8900
9400
9400
9350
9400
9400
9350
9400
9400
9400
9400
9350
9400
9400
9350
9400
9400
9350
9400
9400
9350
9350
9400
9400
9350
9850
9850
9850
9850
9850
9850
9850
9850
9850
9850
9850
9850
9850
9850
9850
9850
9850
9850
9850
9850
9850
9850
9850
9850
9850
9850
9850
9850
9850
9850
9850
9850
9850
9850
9850
9850
9850
9850
9850
9850
9850
9850
9850
9850
9850
9850
9850
9850
10300
10300
10300
10300
10300
10300
10300
10300
10300
10300
10300
10300
10300
10300
10300
10300
10300
10300
10300
10300
10300
10300
10300
10300
11250
11250
11250
11250
11250
11250
11250
11250
11250
11250
11250
11250
11250
11250
11250
11250
11250
11250
11250
11250
11250
11250
11250
11250
11700
11700
11700
11700
11700
11750
11750
11700
11700
11700
11700
11700
11700
11750
11750
11700
11700
11700
11700
11700
11700
11750
11750
11700
11700
11750
11750
11700
11700
11750
12200
12200
12200
12200
12200
12200
12200
12200
12200
12200
12200
12200
12200
12200
12200
12200
12200
12200
12200
12200
12200
12200
12200
12200
12200
12200
12200
12200
12150
12200
12200
12150
12150
12200
12200
12150
12200
12200
12200
12200
12200
12200
12200
12200
12200
12200
12150
12200
12200
12150
12150
12200
12200
12150
12150
12200
12200
12150
12200
12200
12200
12200
12200
12200
12200
12200
12200
12200
12150
12200
12200
12150
12650
12650
12650
12650
12650
12650
12650
12650
12650
12650
12650
12650
12650
12650
12650
12650
12650
12650
12650
12650
12650
12650
12650
12650
12650
12650
12650
12650
12650
12650
12650
12650
13600
13600
13600
13600
13600
13600
13600
13600
13600
13600
13600
13600
13600
13600
13600
13600
13600
13600
13600
13600
13600
13600
13600
13600
13600
13600
13600
13600
13600
13600
13600
13600
13600
13600
13600
13600
13600
13600
13600
13600
13600
13600
13600
13600
13600
13600
13600
13600
13600
13600
13600
13600
13600
13600
13600
13600
13600
13600
13600
13600
13600
13600
13600
13600
13600
13600
13600
13600
13600
13600
13600
13600
14050
14050
14050
14050
14050
14050
14050
14050
14050
14050
14050
14050
14050
14050
14050
14050
14050
14050
14050
14050
14050
14100
14100
14050
14050
14100
14100
14050
14050
14050
14050
14050
14050
14050
14050
14050
14050
14100
14100
14050
14050
14100
14100
14050
14050
14050
14050
14050
15000
15000
15000
15000
15000
15000
15000
15000
15000
15000
15000
15000
15450
15500
15500
15450
15450
15500
15500
15450
15450
15450
15450
15450
15450
15500
15500
15450
15450
15500
15500
15450
15450
15450
15450
15450
15450
15500
15500
15450
15450
15500
15500
15450
15450
15500
15500
15450
15450
15500
15500
15450
15450
15500
15500
15450
15450
15500
15500
15450
15950
15950
15950
15950
15950
15950
15950
15950
15950
15950
15950
15950
15950
15950
15950
15950
15950
15950
15950
15950
15950
15950
15900
15950
15950
15900
15900
15950
15950
15900
15900
15950
15950
15900
15950
15950
15950
15950
15950
15950
15950
15950
15950
15950
15900
15950
15950
15900
16400
16400
16400
16400
16400
16400
16400
16400
16400
16400
16400
16400
16400
16400
16400
16400
16400
16400
16400
16400
16400
16400
16400
16400
16400
16400
16400
16400
16400
16400
16400
16400
16400
16400
16400
16400
16400
16400
16400
16400
16400
16400
16400
16400
16400
16400
16400
16400
16900
16900
16850
16900
16900
16850
16850
16900
16900
16850
16850
16900
16900
16850
16850
16900
16900
16850
16850
16900
16900
16850
16850
16900
16900
16850
16900
16900
16850
16900
17350
17350
17350
17350
17350
17350
17350
17350
17350
17350
17300
17350
17350
17300
17350
17350
17350
17350
17350
17350
17300
17350
17350
17300
17800
17800
17800
17800
17800
17800
17800
17800
17800
17800
17800
17800
17800
17800
17800
17800
17800
17800
17800
17800
17800
17800
17800
17800
17800
17800
17800
17800
17800
17850
17850
17800
17800
17850
17850
17800
17800
17800
17800
17800
17800
17800
17800
17800
17800
17850
17850
17800
17800
17850
17850
17800
17800
17800
17800
17800
17800
17800
17800
17800
17800
17850
17850
17800
17800
17850
17850
17800
17800
17800
17800
17800
18750
18750
18750
18750
18750
18750
18750
18750
18750
18750
18750
18750
18750
18750
18750
18750
18750
18750
18750
18750
18750
18750
18750
18750
19200
19200
19200
19200
19200
19250
19250
19200
19200
19250
19250
19200
19200
19200
19200
19200
19200
19200
19200
19250
19250
19200
19200
19200
19200
19200
19200
19250
19250
19200
19200
19250
19250
19200
19200
19250
19250
19200
19200
19250
19250
19200
19200
19250
19250
19200
19200
19200
19200
19250
19250
19200
19200
19250
19250
19200
19200
19200
19200
19200
19200
19250
19250
19200
19200
19250
19250
19200
19200
19200
19200
19200
19200
19250
19250
19200
19200
19250
19250
19200
19200
19250
19250
19200
19200
19250
19250
19200
19200
19250
19250
19200
19200
19250
19250
19200
19700
19700
19700
19700
19650
19700
19700
19650
19650
19700
19700
19650
19700
19700
19700
19700
19700
19700
19700
19700
19650
19700
19700
19650
19650
19700
19700
19650
19700
19700
19700
19700
19650
19700
19700
19650
19650
19700
19700
19650
19650
19700
19700
19650
19650
19700
19700
19650
20150
20150
20150
20150
20150
20150
20150
20150
20150
20150
20150
20150
20150
20150
20150
20150
20150
20150
20150
20150
20150
20150
20150
20150
20600
20650
20650
20600
20600
20650
20650
20600
20600
20650
20650
20600
20600
20650
20650
20600
20600
20650
20650
20600
20600
20650
20650
20600
21100
21100
21100
21100
21100
21100
21100
21100
21100
21100
21100
21100
21100
21100
21100
21100
21100
21100
21100
21100
21100
21100
21100
21100
21100
21100
21100
21100
21100
21100
21100
21100
21100
21100
21100
21100
21100
21100
21100
21100
21100
21100
21050
21100
21100
21050
21100
21100
21100
21100
21100
21100
21100
21100
21100
21100
21100
21100
21100
21100
21100
21100
21100
21100
21100
21100
21100
21100
21050
21100
21100
21050
21550
21550
21550
21550
21550
21550
21550
21550
21550
21550
21550
21550
21550
21550
21550
21550
21550
21550
21550
21550
21550
21600
21600
21550
21550
21600
21600
21550
21550
21550
21550
21550
21550
21550
21550
21550
21550
21600
21600
21550
21550
21600
21600
21550
21550
21550
21550
21550
22500
22500
22500
22500
22500
22500
22500
22500
22950
22950
22950
23000
23000
22950
22950
23000
23000
22950
22950
23000
23000
22950
22950
23000
23000
22950
22950
23000
23000
22950
22950
23000
23000
22950
22950
23000
23000
22950
22950
23000
23000
22950
22950
23000
23000
22950
22950
23000
23000
22950
22950
23000
23000
22950
22950
23000
23000
22950
22950
22950
22950
23000
23450
23450
23450
23450
23450
23450
23450
23450
23450
23450
23450
23450
23450
23450
23400
23450
23450
23400
23400
23450
23450
23400
23400
23450
23450
23400
23450
23450
23450
23450
23450
23450
23450
23450
23450
23450
23400
23450
23450
23400
23400
23450
23450
23400
23450
23450
23450
23450
23400
23450
23450
23400
23400
23450
23450
23400
23400
23450
23450
23400
23400
23450
23450
23400
23450
23450
23400
23450
23450
23400
23450
23450
23450
23450
23450
23450
23400
23450
23450
23400
23400
23450
23450
23400
23900
23900
23900
23900
23900
23900
23900
23900
23900
23900
23900
23900
23900
23900
23900
23900
23900
23900
23900
23900
23900
23900
23900
23900
23900
23900
23900
23900
23900
23900
23900
23900
23900
23950
23950
23900
23900
23950
23950
23900
23900
23900
23900
23900
23900
23900
23900
23900
24400
24400
24350
24400
24400
24350
24400
24400
24400
24400
24350
24400
24400
24350
24400
24400
24350
24400
24400
24350
24350
24400
24400
24350
24850
24850
24850
24850
24850
24850
24850
24850
24850
24850
24850
24850
24850
24850
24850
24850
24850
24850
24850
24850
24850
24850
24850
24850
24850
24850
24850
24850
24800
24850
24850
24800
24800
24850
24850
24800
24850
24850
24850
24850
24850
24850
24800
24850
24850
24800
24850
24850
24850
24850
24850
24850
24800
24850
24850
24800
24800
24850
24850
24800
24850
24850
24850
24850
24850
24850
24850
24850
24800
24850
24850
24800
25300
25300
25300
25300
25300
25300
25300
25300
25300
25300
25300
25300
25300
25300
25300
25300
25300
25300
25300
25300
25300
25300
25300
25300
25300
25300
25300
25300
25300
25350
25350
25300
25300
25350
25350
25300
25300
25300
25300
25300
25300
25300
25300
25300
25300
25350
25350
25300
25300
25350
25350
25300
25300
25300
25300
25300
25300
25300
25300
25300
25300
25350
25350
25300
25300
25350
25350
25300
25300
25350
25350
25300
25300
25350
25350
25300
25300
25300
25300
25300
25300
25300
25300
25300
25300
25350
25350
25300
25300
25350
25350
25300
25300
25300
25300
25300
26250
26250
26250
26250
26250
26250
26250
26250
26250
26250
26250
26250
26250
26250
26250
26250
26250
26250
26250
26250
26250
26250
26250
26250
26250
26250
26250
26250
26250
26250
26250
26250
26250
26250
26250
26250
26250
26250
26250
26250
26250
26250
26250
26250
26250
26250
26250
26250
26700
26750
26750
26700
26700
26750
26750
26700
26700
26750
26750
26700
26700
26750
26750
26700
26700
26750
26750
26700
26700
26750
26750
26700
26700
26750
26750
26700
26700
26750
26750
26700
26700
26750
26750
26700
26700
26750
26750
26700
26700
26750
26750
26700
26700
26750
26750
26700
27200
27200
27200
27200
27200
27200
27200
27200
27200
27200
27150
27200
27200
27150
27200
27200
27200
27200
27200
27200
27150
27200
27200
27150
27650
27650
27650
27650
27650
27650
27650
27650
27650
27650
27650
27650
27650
27650
27650
27650
27650
27650
27650
27650
27650
27650
27650
27650
27650
27650
27650
27650
27650
27650
27650
27650
27650
27650
27650
27650
27650
27650
27650
27650
27650
27700
27700
27650
27650
27700
27700
27650
27650
27650
27650
27650
27650
27650
27650
27650
27650
27650
27650
27650
27650
27700
27700
27650
27650
27700
27700
27650
27650
27650
27650
27650
28600
28600
28600
28600
28600
28600
28600
28600
28600
28600
28600
28600
28600
28600
28600
28600
28600
28600
28600
28600
28600
28600
28600
28600
28600
28600
28550
28600
28600
28550
28600
28600
28600
28600
28600
28600
28550
28600
28600
28550
28550
28600
28600
28550
28600
28600
28600
28600
28600
28600
28600
28600
28550
28600
28600
28550
28550
28600
28600
28550
28600
28600
28600
28600
28600
28600
28600
28600
28550
28600
28600
28550
29050
29050
29050
29050
29050
29050
29050
29050
29050
29050
29050
29050
29050
29050
29050
29050
29050
29050
29050
29050
29050
29100
29100
29050
29050
29100
29100
29050
29050
29050
29050
29050
29050
29050
29050
29050
29050
29100
29100
29050
29050
29100
29100
29050
29050
29050
29050
29050
29050
29050
29050
29050
29050
29100
29100
29050
29050
29100
29100
29050
29050
29050
29050
29050
29050
29050
29050
29050
29050
29100
29100
29050
29050
29100
29100
29050
29050
29050
29050
29050
29050
29100
29100
29050
29050
29100
29100
29050
29050
29100
29050
29100
29100
29050
30000
30000
30000
30000
29950
30050
