0
30000
30000
30000
30000
30000
30000
30000
30000
30000
30000
30000
30000
30000
30000
30000
30000
30000
30000
30000
30000
30000
30000
30000
30000
30000
30000
30000
30000
30000
30000
30000
30000
30000
30000
30000
30000
30000
30000
30000
30000
600
600
600
600
600
600
1200
1200
1200
1250
1250
1200
1200
1200
1200
1250
1250
1200
1850
1850
1850
1850
1850
1850
1850
1850
2450
2450
2450
2450
2450
2450
3050
3050
3050
3050
3050
3050
3050
3050
3050
3050
3050
3050
3050
3050
3050
3050
3050
3050
3050
3050
3050
3050
3050
3050
3650
3700
3700
3650
3650
3700
3700
3650
3650
3700
3700
3650
3650
3700
3700
3650
3650
3700
3700
3650
3650
3700
3700
3650
4900
4900
4900
4900
4900
4900
4900
4900
4900
4900
4900
4900
5500
5500
5500
5500
5500
5500
5500
5500
5500
5500
5500
5500
5500
5500
5500
5500
5500
5500
5500
5500
5500
5500
5500
5500
5500
5500
5500
5500
5500
5500
6100
6100
6100
6150
6150
6100
6100
6100
6100
6100
6100
6150
6150
6100
6100
6100
6100
6150
6150
6100
6100
6150
6150
6100
6750
6750
6750
6750
6750
6750
6750
6750
6750
6750
6750
6750
6700
6750
6750
6700
6700
6750
6750
6700
6750
6750
6750
6750
7350
7350
7350
7350
7350
7350
7350
7350
7950
7950
7950
7950
7950
7950
7950
7950
7950
7950
7950
7950
7950
7950
7950
7950
7950
7950
7950
7950
7950
7950
7950
7950
8550
8600
8600
8550
8550
8600
8600
8550
8550
8600
8600
8550
8550
8600
8600
8550
8550
8600
8600
8550
8550
8600
8600
8550
8550
8600
8600
8550
8550
8600
8600
8550
8550
8600
8600
8550
8550
8600
8600
8550
8550
8600
8600
8550
8550
8600
8600
8550
9800
9800
9800
9800
9800
9800
10400
10400
10400
10400
10400
10400
10400
10400
10400
10400
10400
10400
10400
10400
10400
10400
10400
10400
10400
10400
10400
10400
10400
10400
10400
10400
10400
10400
10400
10400
10400
10400
10400
10400
10400
10400
10400
10400
10400
10400
10400
10400
10400
10400
10400
10400
10400
10400
11000
11000
11000
11000
11000
11000
11000
11000
11000
11000
11000
11050
11050
11000
11000
11000
11000
11000
11000
11000
11000
11050
11050
11000
11000
11050
11050
11000
11000
11000
11000
11000
11000
11050
11050
11000
11650
11650
11650
11650
11600
11650
11650
11600
11600
11650
11650
11600
11650
11650
11650
11650
11600
11650
11650
11600
11600
11650
11650
11600
12250
12250
12250
12250
12250
12250
12250
12250
12250
12250
12250
12250
12250
12250
12250
12250
12250
12250
12250
12250
12250
12250
12250
12250
12850
12850
12850
12850
12850
12850
12850
12850
12850
12850
12850
12850
12850
12850
12850
12850
12850
12850
12850
12850
12850
12850
12850
12850
12850
12850
12850
12850
12850
12850
12850
12850
12850
12850
12850
12850
12850
12850
12850
12850
12850
12850
12850
12850
12850
12850
12850
12850
13450
13500
13500
13450
13450
13500
13500
13450
13450
13500
13500
13450
13450
13500
13500
13450
13450
13500
13500
13450
13450
13500
13500
13450
14700
14700
14700
14700
14700
14700
14700
14700
14700
14700
14700
14700
14700
14700
14700
14700
14700
14700
14700
14700
14700
14700
14700
14700
15300
15300
15300
15300
15300
15300
15300
15300
15300
15300
15300
15300
15300
15300
15300
15300
15300
15300
15300
15300
15300
15300
15300
15300
15300
15300
15300
15300
15300
15350
15900
15900
15900
15900
15900
15900
15900
15900
15900
15900
15900
15900
15900
15950
15950
15900
15900
15950
15950
15900
15900
15900
15900
15900
15900
15900
15900
15900
15900
15950
15950
15900
15900
15950
15950
15900
15900
15900
15900
15900
15900
15900
15900
15950
15950
15900
15900
15950
15950
15900
15900
15950
15950
15900
15900
15950
15950
15900
15900
15950
15950
15900
15900
15900
15900
15900
15900
15900
15900
15950
15950
15900
16550
16550
16550
16550
16550
16550
16550
16550
16500
16550
16550
16500
16500
16550
16550
16500
16550
16550
16550
16550
16500
16550
16550
16500
16500
16550
16550
16500
16550
16550
16550
16550
17750
17750
17750
17750
17750
17750
17750
17750
17750
17750
17750
17750
17750
17750
17750
17750
17750
17750
17750
17750
17750
17750
17750
17750
17750
17750
17750
17750
17750
17750
17750
17750
17750
17750
17750
17750
17750
17750
17750
17750
17750
17750
17750
17750
17750
17750
17750
17750
17750
17750
17750
17800
17800
17750
17750
17750
17750
17750
17750
17750
17750
17750
17750
17750
17750
17750
17750
17750
17750
17800
17800
17750
18350
18350
18350
18350
18350
18400
18400
18350
18350
18400
18400
18350
18350
18350
18350
18350
18350
18350
18350
18350
18350
18400
18400
18350
18350
18400
18400
18350
18350
18350
18350
18350
18350
18400
18400
18350
18350
18400
18400
18350
18350
18400
18400
18350
18350
18400
18400
18350
19600
19600
19600
19600
19600
19600
19600
19600
19600
19600
19600
19600
20200
20200
20200
20200
20200
20200
20200
20200
20200
20200
20200
20200
20200
20200
20200
20200
20200
20200
20200
20200
20200
20200
20200
20200
20200
20200
20200
20200
20200
20200
20200
20200
20200
20200
20200
20200
20200
20200
20200
20200
20200
20200
20200
20200
20200
20200
20200
20200
20800
20800
20800
20850
20850
20800
20800
20800
20800
20850
20850
20800
20800
20850
20850
20800
20800
20800
20800
20850
20850
20800
20800
20850
20850
20800
20800
20850
20850
20800
20800
20850
20850
20800
20800
20850
20850
20800
20800
20800
20800
20850
20850
20800
20800
20850
20850
20800
21400
21450
21450
21400
21400
21450
21450
21400
21400
21450
21450
21400
21400
21450
21450
21400
21400
21450
21450
21400
21400
21450
21450
21400
21400
21450
21450
21400
21400
21450
21450
21400
21400
21450
21450
21400
21400
21450
21450
21400
21400
21450
21450
21400
21400
21450
21450
21400
22050
22050
22050
22050
22050
22050
22000
22050
22050
22000
22000
22050
22050
22000
22050
22050
22050
22050
22000
22050
22050
22000
22000
22050
22050
22000
22050
22050
22000
22050
22650
22650
22650
22650
22650
22650
22650
22650
22650
22650
22650
22700
22700
22650
22650
22650
22650
22650
22650
22650
22650
22700
22700
22650
23250
23250
23250
23250
23250
23250
23250
23250
23250
23250
23250
23250
23250
23300
23300
23250
23250
23300
23300
23250
23250
23250
23250
23250
23250
23250
23250
23250
23250
23300
23300
23250
23250
23300
23300
23250
23250
23250
23250
23250
23250
23300
23300
23250
23250
23300
23300
23250
23250
23300
23300
23250
23250
23300
23300
23250
23250
23250
23250
23250
23250
23300
23300
23250
23250
23300
23300
23250
23250
23250
23250
23250
24500
24500
24500
24500
24500
24500
24500
24500
24500
24500
24450
24500
24500
24450
24500
24500
24500
24500
24500
24500
24450
24500
24500
24450
25100
25100
25100
25100
25100
25100
25100
25100
25100
25100
25100
25100
25100
25100
25100
25100
25100
25100
25100
25100
25100
25100
25100
25100
25100
25100
25100
25100
25100
25100
25100
25100
25100
25100
25100
25100
25100
25100
25100
25100
25100
25100
25100
25100
25100
25100
25100
25100
25100
25100
25100
25100
25100
25100
25100
25100
25100
25100
25100
25100
25100
25150
25150
25100
25100
25150
25150
25100
25100
25100
25100
25100
25100
25100
25100
25100
25100
25150
25150
25100
25100
25150
25150
25100
25100
25100
25100
25100
25100
25100
25100
25100
25100
25100
25100
25100
25700
25700
25700
25700
25700
25750
25750
25700
25700
25750
25750
25700
25700
25700
25700
25700
25700
25700
25700
25700
25700
25750
25750
25700
25700
25750
25750
25700
25700
25700
25700
25700
25700
25750
25750
25700
25700
25750
25750
25700
25700
25750
25750
25700
25700
25750
25750
25700
26300
26350
26350
26300
26300
26350
26350
26300
26300
26350
26350
26300
26300
26350
26350
26300
26300
26350
26350
26300
26300
26350
26350
26300
26950
26950
26950
26950
26950
26950
26950
26950
26950
26950
26950
26950
26900
26950
26950
26900
26900
26950
26950
26900
26950
26950
26950
26950
27550
27550
27550
27550
27550
27550
27550
27550
27550
27550
27550
27550
27550
27550
27550
27550
27550
27550
27550
27550
27550
27550
27550
27550
27550
27550
27550
27550
27550
27550
27550
27550
27550
27550
27550
27550
27550
27550
27550
27550
27550
27550
27550
27600
27600
27550
27550
27550
27550
27550
27550
27550
27550
27550
27550
27550
27550
27550
27550
27550
27550
27550
27550
27550
27550
27550
27550
27550
27550
27600
27600
27550
28150
28150
28150
28150
28150
28200
28200
28150
28150
28200
28200
28150
28150
28150
28150
28150
28150
28150
28150
28150
28150
28200
28200
28150
28150
28200
28200
28150
28150
28150
28150
28150
28150
28200
28200
28150
28150
28200
28200
28150
28150
28200
28200
28150
28150
28200
28200
28150
29350
29400
29400
29350
29350
29400
29400
29350
30000
30000
30000
30000
30000
30000
30000
30000
30000
30000
30000
30000
29950
30050
