-0.00000000 0.00000000 -0.00000000
1.00000000 0.00000000 -0.00000000
-0.00000000 -1.00000000 -0.00000000
-0.00000000 0.00000000 1.00000000
-0.00000000 0.00000000 -1.00000000
-0.00000000 1.00000000 -0.00000000
-1.00000000 0.00000000 -0.00000000
0.70710678 -0.70710678 -0.00000000
0.70710678 0.00000000 0.70710678
0.70710678 0.00000000 -0.70710678
0.70710678 0.70710678 -0.00000000
-0.00000000 -0.70710678 0.70710678
-0.00000000 -0.70710678 -0.70710678
-0.00000000 0.70710678 0.70710678
-0.00000000 0.70710678 -0.70710678
-0.70710678 -0.70710678 -0.00000000
-0.70710678 0.00000000 0.70710678
-0.70710678 0.00000000 -0.70710678
-0.70710678 0.70710678 -0.00000000
0.57735027 -0.57735027 0.57735027
0.57735027 -0.57735027 -0.57735027
0.57735027 0.57735027 0.57735027
0.57735027 0.57735027 -0.57735027
-0.57735027 -0.57735027 0.57735027
-0.57735027 -0.57735027 -0.57735027
-0.57735027 0.57735027 0.57735027
-0.57735027 0.57735027 -0.57735027
1.00000000 0.00000000 -0.00000000
-0.00000000 -1.00000000 -0.00000000
-0.00000000 0.00000000 1.00000000
-0.00000000 0.00000000 -1.00000000
-0.00000000 1.00000000 -0.00000000
-1.00000000 0.00000000 -0.00000000
0.89442719 -0.44721360 -0.00000000
0.89442719 0.00000000 0.44721360
0.89442719 0.00000000 -0.44721360
0.89442719 0.44721360 -0.00000000
0.44721360 -0.89442719 -0.00000000
0.44721360 0.00000000 0.89442719
0.44721360 0.00000000 -0.89442719
0.44721360 0.89442719 -0.00000000
-0.00000000 -0.89442719 0.44721360
-0.00000000 -0.89442719 -0.44721360
-0.00000000 -0.44721360 0.89442719
-0.00000000 -0.44721360 -0.89442719
-0.00000000 0.44721360 0.89442719
-0.00000000 0.44721360 -0.89442719
-0.00000000 0.89442719 0.44721360
-0.00000000 0.89442719 -0.44721360
-0.44721360 -0.89442719 -0.00000000
-0.44721360 0.00000000 0.89442719
-0.44721360 0.00000000 -0.89442719
-0.44721360 0.89442719 -0.00000000
-0.89442719 -0.44721360 -0.00000000
-0.89442719 0.00000000 0.44721360
-0.89442719 0.00000000 -0.44721360
-0.89442719 0.44721360 -0.00000000
0.81649658 -0.40824829 0.40824829
0.81649658 -0.40824829 -0.40824829
0.81649658 0.40824829 0.40824829
0.81649658 0.40824829 -0.40824829
0.40824829 -0.81649658 0.40824829
0.40824829 -0.81649658 -0.40824829
0.40824829 -0.40824829 0.81649658
0.40824829 -0.40824829 -0.81649658
0.40824829 0.40824829 0.81649658
0.40824829 0.40824829 -0.81649658
0.40824829 0.81649658 0.40824829
0.40824829 0.81649658 -0.40824829
-0.40824829 -0.81649658 0.40824829
-0.40824829 -0.81649658 -0.40824829
-0.40824829 -0.40824829 0.81649658
-0.40824829 -0.40824829 -0.81649658
-0.40824829 0.40824829 0.81649658
-0.40824829 0.40824829 -0.81649658
-0.40824829 0.81649658 0.40824829
-0.40824829 0.81649658 -0.40824829
-0.81649658 -0.40824829 0.40824829
-0.81649658 -0.40824829 -0.40824829
-0.81649658 0.40824829 0.40824829
-0.81649658 0.40824829 -0.40824829
0.70710678 -0.70710678 -0.00000000
0.70710678 0.00000000 0.70710678
0.70710678 0.00000000 -0.70710678
0.70710678 0.70710678 -0.00000000
-0.00000000 -0.70710678 0.70710678
-0.00000000 -0.70710678 -0.70710678
-0.00000000 0.70710678 0.70710678
-0.00000000 0.70710678 -0.70710678
-0.70710678 -0.70710678 -0.00000000
-0.70710678 0.00000000 0.70710678
-0.70710678 0.00000000 -0.70710678
-0.70710678 0.70710678 -0.00000000
1.00000000 0.00000000 -0.00000000
0.66666667 -0.66666667 0.33333333
0.66666667 -0.66666667 -0.33333333
0.66666667 -0.33333333 0.66666667
0.66666667 -0.33333333 -0.66666667
0.66666667 0.33333333 0.66666667
0.66666667 0.33333333 -0.66666667
0.66666667 0.66666667 0.33333333
0.66666667 0.66666667 -0.33333333
0.33333333 -0.66666667 0.66666667
0.33333333 -0.66666667 -0.66666667
0.33333333 0.66666667 0.66666667
0.33333333 0.66666667 -0.66666667
-0.00000000 -1.00000000 -0.00000000
-0.00000000 0.00000000 1.00000000
-0.00000000 0.00000000 -1.00000000
-0.00000000 1.00000000 -0.00000000
-0.33333333 -0.66666667 0.66666667
-0.33333333 -0.66666667 -0.66666667
-0.33333333 0.66666667 0.66666667
-0.33333333 0.66666667 -0.66666667
-0.66666667 -0.66666667 0.33333333
-0.66666667 -0.66666667 -0.33333333
-0.66666667 -0.33333333 0.66666667
-0.66666667 -0.33333333 -0.66666667
-0.66666667 0.33333333 0.66666667
-0.66666667 0.33333333 -0.66666667
-0.66666667 0.66666667 0.33333333
-0.66666667 0.66666667 -0.33333333
-1.00000000 0.00000000 -0.00000000
0.94868330 -0.31622777 -0.00000000
0.94868330 0.00000000 0.31622777
0.94868330 0.00000000 -0.31622777
0.94868330 0.31622777 -0.00000000
0.31622777 -0.94868330 -0.00000000
0.31622777 0.00000000 0.94868330
0.31622777 0.00000000 -0.94868330
0.31622777 0.94868330 -0.00000000
-0.00000000 -0.94868330 0.31622777
-0.00000000 -0.94868330 -0.31622777
-0.00000000 -0.31622777 0.94868330
-0.00000000 -0.31622777 -0.94868330
-0.00000000 0.31622777 0.94868330
-0.00000000 0.31622777 -0.94868330
-0.00000000 0.94868330 0.31622777
-0.00000000 0.94868330 -0.31622777
-0.31622777 -0.94868330 -0.00000000
-0.31622777 0.00000000 0.94868330
-0.31622777 0.00000000 -0.94868330
-0.31622777 0.94868330 -0.00000000
-0.94868330 -0.31622777 -0.00000000
-0.94868330 0.00000000 0.31622777
-0.94868330 0.00000000 -0.31622777
-0.94868330 0.31622777 -0.00000000
0.90453403 -0.30151134 0.30151134
0.90453403 -0.30151134 -0.30151134
0.90453403 0.30151134 0.30151134
0.90453403 0.30151134 -0.30151134
0.30151134 -0.90453403 0.30151134
0.30151134 -0.90453403 -0.30151134
0.30151134 -0.30151134 0.90453403
0.30151134 -0.30151134 -0.90453403
0.30151134 0.30151134 0.90453403
0.30151134 0.30151134 -0.90453403
0.30151134 0.90453403 0.30151134
0.30151134 0.90453403 -0.30151134
-0.30151134 -0.90453403 0.30151134
-0.30151134 -0.90453403 -0.30151134
-0.30151134 -0.30151134 0.90453403
-0.30151134 -0.30151134 -0.90453403
-0.30151134 0.30151134 0.90453403
-0.30151134 0.30151134 -0.90453403
-0.30151134 0.90453403 0.30151134
-0.30151134 0.90453403 -0.30151134
-0.90453403 -0.30151134 0.30151134
-0.90453403 -0.30151134 -0.30151134
-0.90453403 0.30151134 0.30151134
-0.90453403 0.30151134 -0.30151134
0.57735027 -0.57735027 0.57735027
0.57735027 -0.57735027 -0.57735027
0.57735027 0.57735027 0.57735027
0.57735027 0.57735027 -0.57735027
-0.57735027 -0.57735027 0.57735027
-0.57735027 -0.57735027 -0.57735027
-0.57735027 0.57735027 0.57735027
-0.57735027 0.57735027 -0.57735027
0.83205029 -0.55470020 -0.00000000
0.83205029 0.00000000 0.55470020
0.83205029 0.00000000 -0.55470020
0.83205029 0.55470020 -0.00000000
0.55470020 -0.83205029 -0.00000000
0.55470020 0.00000000 0.83205029
0.55470020 0.00000000 -0.83205029
0.55470020 0.83205029 -0.00000000
-0.00000000 -0.83205029 0.55470020
-0.00000000 -0.83205029 -0.55470020
-0.00000000 -0.55470020 0.83205029
-0.00000000 -0.55470020 -0.83205029
-0.00000000 0.55470020 0.83205029
-0.00000000 0.55470020 -0.83205029
-0.00000000 0.83205029 0.55470020
-0.00000000 0.83205029 -0.55470020
-0.55470020 -0.83205029 -0.00000000
-0.55470020 0.00000000 0.83205029
-0.55470020 0.00000000 -0.83205029
-0.55470020 0.83205029 -0.00000000
-0.83205029 -0.55470020 -0.00000000
-0.83205029 0.00000000 0.55470020
-0.83205029 0.00000000 -0.55470020
-0.83205029 0.55470020 -0.00000000
0.80178373 -0.53452248 0.26726124
0.80178373 -0.53452248 -0.26726124
0.80178373 -0.26726124 0.53452248
0.80178373 -0.26726124 -0.53452248
0.80178373 0.26726124 0.53452248
0.80178373 0.26726124 -0.53452248
0.80178373 0.53452248 0.26726124
0.80178373 0.53452248 -0.26726124
0.53452248 -0.80178373 0.26726124
0.53452248 -0.80178373 -0.26726124
0.53452248 -0.26726124 0.80178373
0.53452248 -0.26726124 -0.80178373
0.53452248 0.26726124 0.80178373
0.53452248 0.26726124 -0.80178373
0.53452248 0.80178373 0.26726124
0.53452248 0.80178373 -0.26726124
0.26726124 -0.80178373 0.53452248
0.26726124 -0.80178373 -0.53452248
0.26726124 -0.53452248 0.80178373
0.26726124 -0.53452248 -0.80178373
0.26726124 0.53452248 0.80178373
0.26726124 0.53452248 -0.80178373
0.26726124 0.80178373 0.53452248
0.26726124 0.80178373 -0.53452248
-0.26726124 -0.80178373 0.53452248
-0.26726124 -0.80178373 -0.53452248
-0.26726124 -0.53452248 0.80178373
-0.26726124 -0.53452248 -0.80178373
-0.26726124 0.53452248 0.80178373
-0.26726124 0.53452248 -0.80178373
-0.26726124 0.80178373 0.53452248
-0.26726124 0.80178373 -0.53452248
-0.53452248 -0.80178373 0.26726124
-0.53452248 -0.80178373 -0.26726124
-0.53452248 -0.26726124 0.80178373
-0.53452248 -0.26726124 -0.80178373
-0.53452248 0.26726124 0.80178373
-0.53452248 0.26726124 -0.80178373
-0.53452248 0.80178373 0.26726124
-0.53452248 0.80178373 -0.26726124
-0.80178373 -0.53452248 0.26726124
-0.80178373 -0.53452248 -0.26726124
-0.80178373 -0.26726124 0.53452248
-0.80178373 -0.26726124 -0.53452248
-0.80178373 0.26726124 0.53452248
-0.80178373 0.26726124 -0.53452248
-0.80178373 0.53452248 0.26726124
-0.80178373 0.53452248 -0.26726124
1.00000000 0.00000000 -0.00000000
-0.00000000 -1.00000000 -0.00000000
-0.00000000 0.00000000 1.00000000
-0.00000000 0.00000000 -1.00000000
-0.00000000 1.00000000 -0.00000000
-1.00000000 0.00000000 -0.00000000
0.97014250 -0.24253563 -0.00000000
0.97014250 0.00000000 0.24253563
0.97014250 0.00000000 -0.24253563
0.97014250 0.24253563 -0.00000000
0.72760688 -0.48507125 0.48507125
0.72760688 -0.48507125 -0.48507125
0.72760688 0.48507125 0.48507125
0.72760688 0.48507125 -0.48507125
0.48507125 -0.72760688 0.48507125
0.48507125 -0.72760688 -0.48507125
0.48507125 -0.48507125 0.72760688
0.48507125 -0.48507125 -0.72760688
0.48507125 0.48507125 0.72760688
0.48507125 0.48507125 -0.72760688
0.48507125 0.72760688 0.48507125
0.48507125 0.72760688 -0.48507125
0.24253563 -0.97014250 -0.00000000
0.24253563 0.00000000 0.97014250
0.24253563 0.00000000 -0.97014250
0.24253563 0.97014250 -0.00000000
-0.00000000 -0.97014250 0.24253563
-0.00000000 -0.97014250 -0.24253563
-0.00000000 -0.24253563 0.97014250
-0.00000000 -0.24253563 -0.97014250
-0.00000000 0.24253563 0.97014250
-0.00000000 0.24253563 -0.97014250
-0.00000000 0.97014250 0.24253563
-0.00000000 0.97014250 -0.24253563
-0.24253563 -0.97014250 -0.00000000
-0.24253563 0.00000000 0.97014250
-0.24253563 0.00000000 -0.97014250
-0.24253563 0.97014250 -0.00000000
-0.48507125 -0.72760688 0.48507125
-0.48507125 -0.72760688 -0.48507125
-0.48507125 -0.48507125 0.72760688
-0.48507125 -0.48507125 -0.72760688
-0.48507125 0.48507125 0.72760688
-0.48507125 0.48507125 -0.72760688
-0.48507125 0.72760688 0.48507125
-0.48507125 0.72760688 -0.48507125
-0.72760688 -0.48507125 0.48507125
-0.72760688 -0.48507125 -0.48507125
-0.72760688 0.48507125 0.48507125
-0.72760688 0.48507125 -0.48507125
-0.97014250 -0.24253563 -0.00000000
-0.97014250 0.00000000 0.24253563
-0.97014250 0.00000000 -0.24253563
-0.97014250 0.24253563 -0.00000000
0.94280904 -0.23570226 0.23570226
0.94280904 -0.23570226 -0.23570226
0.94280904 0.23570226 0.23570226
0.94280904 0.23570226 -0.23570226
0.70710678 -0.70710678 -0.00000000
0.70710678 0.00000000 0.70710678
0.70710678 0.00000000 -0.70710678
0.70710678 0.70710678 -0.00000000
0.23570226 -0.94280904 0.23570226
0.23570226 -0.94280904 -0.23570226
0.23570226 -0.23570226 0.94280904
0.23570226 -0.23570226 -0.94280904
0.23570226 0.23570226 0.94280904
0.23570226 0.23570226 -0.94280904
0.23570226 0.94280904 0.23570226
0.23570226 0.94280904 -0.23570226
-0.00000000 -0.70710678 0.70710678
-0.00000000 -0.70710678 -0.70710678
-0.00000000 0.70710678 0.70710678
-0.00000000 0.70710678 -0.70710678
-0.23570226 -0.94280904 0.23570226
-0.23570226 -0.94280904 -0.23570226
-0.23570226 -0.23570226 0.94280904
-0.23570226 -0.23570226 -0.94280904
-0.23570226 0.23570226 0.94280904
-0.23570226 0.23570226 -0.94280904
-0.23570226 0.94280904 0.23570226
-0.23570226 0.94280904 -0.23570226
-0.70710678 -0.70710678 -0.00000000
-0.70710678 0.00000000 0.70710678
-0.70710678 0.00000000 -0.70710678
-0.70710678 0.70710678 -0.00000000
-0.94280904 -0.23570226 0.23570226
-0.94280904 -0.23570226 -0.23570226
-0.94280904 0.23570226 0.23570226
-0.94280904 0.23570226 -0.23570226
0.68824720 -0.68824720 0.22941573
0.68824720 -0.68824720 -0.22941573
0.68824720 -0.22941573 0.68824720
0.68824720 -0.22941573 -0.68824720
0.68824720 0.22941573 0.68824720
0.68824720 0.22941573 -0.68824720
0.68824720 0.68824720 0.22941573
0.68824720 0.68824720 -0.22941573
0.22941573 -0.68824720 0.68824720
0.22941573 -0.68824720 -0.68824720
0.22941573 0.68824720 0.68824720
0.22941573 0.68824720 -0.68824720
-0.22941573 -0.68824720 0.68824720
-0.22941573 -0.68824720 -0.68824720
-0.22941573 0.68824720 0.68824720
-0.22941573 0.68824720 -0.68824720
-0.68824720 -0.68824720 0.22941573
-0.68824720 -0.68824720 -0.22941573
-0.68824720 -0.22941573 0.68824720
-0.68824720 -0.22941573 -0.68824720
-0.68824720 0.22941573 0.68824720
-0.68824720 0.22941573 -0.68824720
-0.68824720 0.68824720 0.22941573
-0.68824720 0.68824720 -0.22941573
0.89442719 -0.44721360 -0.00000000
0.89442719 0.00000000 0.44721360
0.89442719 0.00000000 -0.44721360
0.89442719 0.44721360 -0.00000000
0.44721360 -0.89442719 -0.00000000
0.44721360 0.00000000 0.89442719
0.44721360 0.00000000 -0.89442719
0.44721360 0.89442719 -0.00000000
-0.00000000 -0.89442719 0.44721360
-0.00000000 -0.89442719 -0.44721360
-0.00000000 -0.44721360 0.89442719
-0.00000000 -0.44721360 -0.89442719
-0.00000000 0.44721360 0.89442719
-0.00000000 0.44721360 -0.89442719
-0.00000000 0.89442719 0.44721360
-0.00000000 0.89442719 -0.44721360
-0.44721360 -0.89442719 -0.00000000
-0.44721360 0.00000000 0.89442719
-0.44721360 0.00000000 -0.89442719
-0.44721360 0.89442719 -0.00000000
-0.89442719 -0.44721360 -0.00000000
-0.89442719 0.00000000 0.44721360
-0.89442719 0.00000000 -0.44721360
-0.89442719 0.44721360 -0.00000000
0.87287156 -0.43643578 0.21821789
0.87287156 -0.43643578 -0.21821789
0.87287156 -0.21821789 0.43643578
0.87287156 -0.21821789 -0.43643578
0.87287156 0.21821789 0.43643578
0.87287156 0.21821789 -0.43643578
0.87287156 0.43643578 0.21821789
0.87287156 0.43643578 -0.21821789
0.43643578 -0.87287156 0.21821789
0.43643578 -0.87287156 -0.21821789
0.43643578 -0.21821789 0.87287156
0.43643578 -0.21821789 -0.87287156
0.43643578 0.21821789 0.87287156
0.43643578 0.21821789 -0.87287156
0.43643578 0.87287156 0.21821789
0.43643578 0.87287156 -0.21821789
0.21821789 -0.87287156 0.43643578
0.21821789 -0.87287156 -0.43643578
0.21821789 -0.43643578 0.87287156
0.21821789 -0.43643578 -0.87287156
0.21821789 0.43643578 0.87287156
0.21821789 0.43643578 -0.87287156
0.21821789 0.87287156 0.43643578
0.21821789 0.87287156 -0.43643578
-0.21821789 -0.87287156 0.43643578
-0.21821789 -0.87287156 -0.43643578
-0.21821789 -0.43643578 0.87287156
-0.21821789 -0.43643578 -0.87287156
-0.21821789 0.43643578 0.87287156
-0.21821789 0.43643578 -0.87287156
-0.21821789 0.87287156 0.43643578
-0.21821789 0.87287156 -0.43643578
-0.43643578 -0.87287156 0.21821789
-0.43643578 -0.87287156 -0.21821789
-0.43643578 -0.21821789 0.87287156
-0.43643578 -0.21821789 -0.87287156
-0.43643578 0.21821789 0.87287156
-0.43643578 0.21821789 -0.87287156
-0.43643578 0.87287156 0.21821789
-0.43643578 0.87287156 -0.21821789
-0.87287156 -0.43643578 0.21821789
-0.87287156 -0.43643578 -0.21821789
-0.87287156 -0.21821789 0.43643578
-0.87287156 -0.21821789 -0.43643578
-0.87287156 0.21821789 0.43643578
-0.87287156 0.21821789 -0.43643578
-0.87287156 0.43643578 0.21821789
-0.87287156 0.43643578 -0.21821789
0.63960215 -0.63960215 0.42640143
0.63960215 -0.63960215 -0.42640143
0.63960215 -0.42640143 0.63960215
0.63960215 -0.42640143 -0.63960215
0.63960215 0.42640143 0.63960215
0.63960215 0.42640143 -0.63960215
0.63960215 0.63960215 0.42640143
0.63960215 0.63960215 -0.42640143
0.42640143 -0.63960215 0.63960215
0.42640143 -0.63960215 -0.63960215
0.42640143 0.63960215 0.63960215
0.42640143 0.63960215 -0.63960215
-0.42640143 -0.63960215 0.63960215
-0.42640143 -0.63960215 -0.63960215
-0.42640143 0.63960215 0.63960215
-0.42640143 0.63960215 -0.63960215
-0.63960215 -0.63960215 0.42640143
-0.63960215 -0.63960215 -0.42640143
-0.63960215 -0.42640143 0.63960215
-0.63960215 -0.42640143 -0.63960215
-0.63960215 0.42640143 0.63960215
-0.63960215 0.42640143 -0.63960215
-0.63960215 0.63960215 0.42640143
-0.63960215 0.63960215 -0.42640143
0.81649658 -0.40824829 0.40824829
0.81649658 -0.40824829 -0.40824829
0.81649658 0.40824829 0.40824829
0.81649658 0.40824829 -0.40824829
0.40824829 -0.81649658 0.40824829
0.40824829 -0.81649658 -0.40824829
0.40824829 -0.40824829 0.81649658
0.40824829 -0.40824829 -0.81649658
0.40824829 0.40824829 0.81649658
0.40824829 0.40824829 -0.81649658
0.40824829 0.81649658 0.40824829
0.40824829 0.81649658 -0.40824829
-0.40824829 -0.81649658 0.40824829
-0.40824829 -0.81649658 -0.40824829
-0.40824829 -0.40824829 0.81649658
-0.40824829 -0.40824829 -0.81649658
-0.40824829 0.40824829 0.81649658
-0.40824829 0.40824829 -0.81649658
-0.40824829 0.81649658 0.40824829
-0.40824829 0.81649658 -0.40824829
-0.81649658 -0.40824829 0.40824829
-0.81649658 -0.40824829 -0.40824829
-0.81649658 0.40824829 0.40824829
-0.81649658 0.40824829 -0.40824829
1.00000000 0.00000000 -0.00000000
0.80000012 -0.59999984 -0.00000000
0.80000012 0.00000000 0.59999984
0.80000012 0.00000000 -0.59999984
0.80000012 0.59999984 -0.00000000
0.59999984 -0.80000012 -0.00000000
0.59999984 0.00000000 0.80000012
0.59999984 0.00000000 -0.80000012
0.59999984 0.80000012 -0.00000000
-0.00000000 -1.00000000 -0.00000000
-0.00000000 -0.80000012 0.59999984
-0.00000000 -0.80000012 -0.59999984
-0.00000000 -0.59999984 0.80000012
-0.00000000 -0.59999984 -0.80000012
-0.00000000 0.00000000 1.00000000
-0.00000000 0.00000000 -1.00000000
-0.00000000 0.59999984 0.80000012
-0.00000000 0.59999984 -0.80000012
-0.00000000 0.80000012 0.59999984
-0.00000000 0.80000012 -0.59999984
-0.00000000 1.00000000 -0.00000000
-0.59999984 -0.80000012 -0.00000000
-0.59999984 0.00000000 0.80000012
-0.59999984 0.00000000 -0.80000012
-0.59999984 0.80000012 -0.00000000
-0.80000012 -0.59999984 -0.00000000
-0.80000012 0.00000000 0.59999984
-0.80000012 0.00000000 -0.59999984
-0.80000012 0.59999984 -0.00000000
-1.00000000 0.00000000 -0.00000000
