-0 -0 0
0 1 0
0 -1 0
-1 -0 0
1 -0 0
0 -0 -1
0 -0 1
-0.70711 0.70711 0
0.70711 -0.70711 0
0 0.70711 -0.70711
0 -0.70711 0.70711
0 0.70711 0.70711
0 -0.70711 -0.70711
0.70711 0.70711 0
-0.70711 -0.70711 0
-0.70711 -0 -0.70711
0.70711 -0 0.70711
-0.70711 -0 0.70711
0.70711 -0 -0.70711
-0.57735 0.57735 -0.57735
0.57735 -0.57735 0.57735
-0.57735 0.57735 0.57735
0.57735 -0.57735 -0.57735
0.57735 0.57735 -0.57735
-0.57735 -0.57735 0.57735
0.57735 0.57735 0.57735
-0.57735 -0.57735 -0.57735
0 1 0
0 -1 0
-1 -0 0
1 -0 0
0 -0 -1
0 -0 1
-0.44721 0.89443 0
0.44721 -0.89443 0
0 0.89443 -0.44721
0 -0.89443 0.44721
0 0.89443 0.44721
0 -0.89443 -0.44721
0.44721 0.89443 0
-0.44721 -0.89443 0
-0.89443 0.44721 0
0.89443 -0.44721 0
0 0.44721 -0.89443
0 -0.44721 0.89443
0 0.44721 0.89443
0 -0.44721 -0.89443
0.89443 0.44721 0
-0.89443 -0.44721 0
-0.89443 -0 -0.44721
0.89443 -0 0.44721
-0.89443 -0 0.44721
0.89443 -0 -0.44721
-0.44721 -0 -0.89443
0.44721 -0 0.89443
-0.44721 -0 0.89443
0.44721 -0 -0.89443
-0.40825 0.8165 -0.40825
0.40825 -0.8165 0.40825
-0.40825 0.8165 0.40825
0.40825 -0.8165 -0.40825
0.40825 0.8165 -0.40825
-0.40825 -0.8165 0.40825
0.40825 0.8165 0.40825
-0.40825 -0.8165 -0.40825
-0.8165 0.40825 -0.40825
0.8165 -0.40825 0.40825
-0.8165 0.40825 0.40825
0.8165 -0.40825 -0.40825
-0.40825 0.40825 -0.8165
0.40825 -0.40825 0.8165
-0.40825 0.40825 0.8165
0.40825 -0.40825 -0.8165
0.40825 0.40825 -0.8165
-0.40825 -0.40825 0.8165
0.40825 0.40825 0.8165
-0.40825 -0.40825 -0.8165
0.8165 0.40825 -0.40825
-0.8165 -0.40825 0.40825
0.8165 0.40825 0.40825
-0.8165 -0.40825 -0.40825
-0.70711 0.70711 0
0.70711 -0.70711 0
0 0.70711 -0.70711
0 -0.70711 0.70711
0 0.70711 0.70711
0 -0.70711 -0.70711
0.70711 0.70711 0
-0.70711 -0.70711 0
-0.70711 -0 -0.70711
0.70711 -0 0.70711
-0.70711 -0 0.70711
0.70711 -0 -0.70711
0 1 0
0 -1 0
-0.66667 0.66667 -0.33333
0.66667 -0.66667 0.33333
-0.66667 0.66667 0.33333
0.66667 -0.66667 -0.33333
-0.33333 0.66667 -0.66667
0.33333 -0.66667 0.66667
-0.33333 0.66667 0.66667
0.33333 -0.66667 -0.66667
0.33333 0.66667 -0.66667
-0.33333 -0.66667 0.66667
0.33333 0.66667 0.66667
-0.33333 -0.66667 -0.66667
0.66667 0.66667 -0.33333
-0.66667 -0.66667 0.33333
0.66667 0.66667 0.33333
-0.66667 -0.66667 -0.33333
-0.66667 0.33333 -0.66667
0.66667 -0.33333 0.66667
-0.66667 0.33333 0.66667
0.66667 -0.33333 -0.66667
0.66667 0.33333 -0.66667
-0.66667 -0.33333 0.66667
0.66667 0.33333 0.66667
-0.66667 -0.33333 -0.66667
-1 -0 0
1 -0 0
0 -0 -1
0 -0 1
-0.31623 0.94868 0
0.31623 -0.94868 0
0 0.94868 -0.31623
0 -0.94868 0.31623
0 0.94868 0.31623
0 -0.94868 -0.31623
0.31623 0.94868 0
-0.31623 -0.94868 0
-0.94868 0.31623 0
0.94868 -0.31623 0
0 0.31623 -0.94868
0 -0.31623 0.94868
0 0.31623 0.94868
0 -0.31623 -0.94868
0.94868 0.31623 0
-0.94868 -0.31623 0
-0.94868 -0 -0.31623
0.94868 -0 0.31623
-0.94868 -0 0.31623
0.94868 -0 -0.31623
-0.31623 -0 -0.94868
0.31623 -0 0.94868
-0.31623 -0 0.94868
0.31623 -0 -0.94868
-0.30151 0.90453 -0.30151
0.30151 -0.90453 0.30151
-0.30151 0.90453 0.30151
0.30151 -0.90453 -0.30151
0.30151 0.90453 -0.30151
-0.30151 -0.90453 0.30151
0.30151 0.90453 0.30151
-0.30151 -0.90453 -0.30151
-0.90453 0.30151 -0.30151
0.90453 -0.30151 0.30151
-0.90453 0.30151 0.30151
0.90453 -0.30151 -0.30151
-0.30151 0.30151 -0.90453
0.30151 -0.30151 0.90453
-0.30151 0.30151 0.90453
0.30151 -0.30151 -0.90453
0.30151 0.30151 -0.90453
-0.30151 -0.30151 0.90453
0.30151 0.30151 0.90453
-0.30151 -0.30151 -0.90453
0.90453 0.30151 -0.30151
-0.90453 -0.30151 0.30151
0.90453 0.30151 0.30151
-0.90453 -0.30151 -0.30151
-0.57735 0.57735 -0.57735
0.57735 -0.57735 0.57735
-0.57735 0.57735 0.57735
0.57735 -0.57735 -0.57735
0.57735 0.57735 -0.57735
-0.57735 -0.57735 0.57735
0.57735 0.57735 0.57735
-0.57735 -0.57735 -0.57735
-0.5547 0.83205 0
0.5547 -0.83205 0
0 0.83205 -0.5547
0 -0.83205 0.5547
0 0.83205 0.5547
0 -0.83205 -0.5547
0.5547 0.83205 0
-0.5547 -0.83205 0
-0.83205 0.5547 0
0.83205 -0.5547 0
0 0.5547 -0.83205
0 -0.5547 0.83205
0 0.5547 0.83205
0 -0.5547 -0.83205
0.83205 0.5547 0
-0.83205 -0.5547 0
-0.83205 -0 -0.5547
0.83205 -0 0.5547
-0.83205 -0 0.5547
0.83205 -0 -0.5547
-0.5547 -0 -0.83205
0.5547 -0 0.83205
-0.5547 -0 0.83205
0.5547 -0 -0.83205
-0.53452 0.80178 -0.26726
0.53452 -0.80178 0.26726
-0.53452 0.80178 0.26726
0.53452 -0.80178 -0.26726
-0.26726 0.80178 -0.53452
0.26726 -0.80178 0.53452
-0.26726 0.80178 0.53452
0.26726 -0.80178 -0.53452
0.26726 0.80178 -0.53452
-0.26726 -0.80178 0.53452
0.26726 0.80178 0.53452
-0.26726 -0.80178 -0.53452
0.53452 0.80178 -0.26726
-0.53452 -0.80178 0.26726
0.53452 0.80178 0.26726
-0.53452 -0.80178 -0.26726
-0.80178 0.53452 -0.26726
0.80178 -0.53452 0.26726
-0.80178 0.53452 0.26726
0.80178 -0.53452 -0.26726
-0.26726 0.53452 -0.80178
0.26726 -0.53452 0.80178
-0.26726 0.53452 0.80178
0.26726 -0.53452 -0.80178
0.26726 0.53452 -0.80178
-0.26726 -0.53452 0.80178
0.26726 0.53452 0.80178
-0.26726 -0.53452 -0.80178
0.80178 0.53452 -0.26726
-0.80178 -0.53452 0.26726
0.80178 0.53452 0.26726
-0.80178 -0.53452 -0.26726
-0.80178 0.26726 -0.53452
0.80178 -0.26726 0.53452
-0.80178 0.26726 0.53452
0.80178 -0.26726 -0.53452
-0.53452 0.26726 -0.80178
0.53452 -0.26726 0.80178
-0.53452 0.26726 0.80178
0.53452 -0.26726 -0.80178
0.53452 0.26726 -0.80178
-0.53452 -0.26726 0.80178
0.53452 0.26726 0.80178
-0.53452 -0.26726 -0.80178
0.80178 0.26726 -0.53452
-0.80178 -0.26726 0.53452
0.80178 0.26726 0.53452
-0.80178 -0.26726 -0.53452
0 1 0
0 -1 0
-1 -0 0
1 -0 0
0 -0 -1
0 -0 1
-0.24254 0.97014 0
0.24254 -0.97014 0
0 0.97014 -0.24254
0 -0.97014 0.24254
0 0.97014 0.24254
0 -0.97014 -0.24254
0.24254 0.97014 0
-0.24254 -0.97014 0
-0.48507 0.72761 -0.48507
0.48507 -0.72761 0.48507
-0.48507 0.72761 0.48507
0.48507 -0.72761 -0.48507
0.48507 0.72761 -0.48507
-0.48507 -0.72761 0.48507
0.48507 0.72761 0.48507
-0.48507 -0.72761 -0.48507
-0.72761 0.48507 -0.48507
0.72761 -0.48507 0.48507
-0.72761 0.48507 0.48507
0.72761 -0.48507 -0.48507
-0.48507 0.48507 -0.72761
0.48507 -0.48507 0.72761
-0.48507 0.48507 0.72761
0.48507 -0.48507 -0.72761
0.48507 0.48507 -0.72761
-0.48507 -0.48507 0.72761
0.48507 0.48507 0.72761
-0.48507 -0.48507 -0.72761
0.72761 0.48507 -0.48507
-0.72761 -0.48507 0.48507
0.72761 0.48507 0.48507
-0.72761 -0.48507 -0.48507
-0.97014 0.24254 0
0.97014 -0.24254 0
0 0.24254 -0.97014
0 -0.24254 0.97014
0 0.24254 0.97014
0 -0.24254 -0.97014
0.97014 0.24254 0
-0.97014 -0.24254 0
-0.97014 -0 -0.24254
0.97014 -0 0.24254
-0.97014 -0 0.24254
0.97014 -0 -0.24254
-0.24254 -0 -0.97014
0.24254 -0 0.97014
-0.24254 -0 0.97014
0.24254 -0 -0.97014
-0.2357 0.94281 -0.2357
0.2357 -0.94281 0.2357
-0.2357 0.94281 0.2357
0.2357 -0.94281 -0.2357
0.2357 0.94281 -0.2357
-0.2357 -0.94281 0.2357
0.2357 0.94281 0.2357
-0.2357 -0.94281 -0.2357
-0.70711 0.70711 0
0.70711 -0.70711 0
0 0.70711 -0.70711
0 -0.70711 0.70711
0 0.70711 0.70711
0 -0.70711 -0.70711
0.70711 0.70711 0
-0.70711 -0.70711 0
-0.94281 0.2357 -0.2357
0.94281 -0.2357 0.2357
-0.94281 0.2357 0.2357
0.94281 -0.2357 -0.2357
-0.2357 0.2357 -0.94281
0.2357 -0.2357 0.94281
-0.2357 0.2357 0.94281
0.2357 -0.2357 -0.94281
0.2357 0.2357 -0.94281
-0.2357 -0.2357 0.94281
0.2357 0.2357 0.94281
-0.2357 -0.2357 -0.94281
0.94281 0.2357 -0.2357
-0.94281 -0.2357 0.2357
0.94281 0.2357 0.2357
-0.94281 -0.2357 -0.2357
-0.70711 -0 -0.70711
0.70711 -0 0.70711
-0.70711 -0 0.70711
0.70711 -0 -0.70711
-0.68825 0.68825 -0.22942
0.68825 -0.68825 0.22942
-0.68825 0.68825 0.22942
0.68825 -0.68825 -0.22942
-0.22942 0.68825 -0.68825
0.22942 -0.68825 0.68825
-0.22942 0.68825 0.68825
0.22942 -0.68825 -0.68825
0.22942 0.68825 -0.68825
-0.22942 -0.68825 0.68825
0.22942 0.68825 0.68825
-0.22942 -0.68825 -0.68825
0.68825 0.68825 -0.22942
-0.68825 -0.68825 0.22942
0.68825 0.68825 0.22942
-0.68825 -0.68825 -0.22942
-0.68825 0.22942 -0.68825
0.68825 -0.22942 0.68825
-0.68825 0.22942 0.68825
0.68825 -0.22942 -0.68825
0.68825 0.22942 -0.68825
-0.68825 -0.22942 0.68825
0.68825 0.22942 0.68825
-0.68825 -0.22942 -0.68825
-0.44721 0.89443 0
0.44721 -0.89443 0
0 0.89443 -0.44721
0 -0.89443 0.44721
0 0.89443 0.44721
0 -0.89443 -0.44721
0.44721 0.89443 0
-0.44721 -0.89443 0
-0.89443 0.44721 0
0.89443 -0.44721 0
0 0.44721 -0.89443
0 -0.44721 0.89443
0 0.44721 0.89443
0 -0.44721 -0.89443
0.89443 0.44721 0
-0.89443 -0.44721 0
-0.89443 -0 -0.44721
0.89443 -0 0.44721
-0.89443 -0 0.44721
0.89443 -0 -0.44721
-0.44721 -0 -0.89443
0.44721 -0 0.89443
-0.44721 -0 0.89443
0.44721 -0 -0.89443
-0.43644 0.87287 -0.21822
0.43644 -0.87287 0.21822
-0.43644 0.87287 0.21822
0.43644 -0.87287 -0.21822
-0.21822 0.87287 -0.43644
0.21822 -0.87287 0.43644
-0.21822 0.87287 0.43644
0.21822 -0.87287 -0.43644
0.21822 0.87287 -0.43644
-0.21822 -0.87287 0.43644
0.21822 0.87287 0.43644
-0.21822 -0.87287 -0.43644
0.43644 0.87287 -0.21822
-0.43644 -0.87287 0.21822
0.43644 0.87287 0.21822
-0.43644 -0.87287 -0.21822
-0.87287 0.43644 -0.21822
0.87287 -0.43644 0.21822
-0.87287 0.43644 0.21822
0.87287 -0.43644 -0.21822
-0.21822 0.43644 -0.87287
0.21822 -0.43644 0.87287
-0.21822 0.43644 0.87287
0.21822 -0.43644 -0.87287
0.21822 0.43644 -0.87287
-0.21822 -0.43644 0.87287
0.21822 0.43644 0.87287
-0.21822 -0.43644 -0.87287
0.87287 0.43644 -0.21822
-0.87287 -0.43644 0.21822
0.87287 0.43644 0.21822
-0.87287 -0.43644 -0.21822
-0.87287 0.21822 -0.43644
0.87287 -0.21822 0.43644
-0.87287 0.21822 0.43644
0.87287 -0.21822 -0.43644
-0.43644 0.21822 -0.87287
0.43644 -0.21822 0.87287
-0.43644 0.21822 0.87287
0.43644 -0.21822 -0.87287
0.43644 0.21822 -0.87287
-0.43644 -0.21822 0.87287
0.43644 0.21822 0.87287
-0.43644 -0.21822 -0.87287
0.87287 0.21822 -0.43644
-0.87287 -0.21822 0.43644
0.87287 0.21822 0.43644
-0.87287 -0.21822 -0.43644
-0.6396 0.6396 -0.4264
0.6396 -0.6396 0.4264
-0.6396 0.6396 0.4264
0.6396 -0.6396 -0.4264
-0.4264 0.6396 -0.6396
0.4264 -0.6396 0.6396
-0.4264 0.6396 0.6396
0.4264 -0.6396 -0.6396
0.4264 0.6396 -0.6396
-0.4264 -0.6396 0.6396
0.4264 0.6396 0.6396
-0.4264 -0.6396 -0.6396
0.6396 0.6396 -0.4264
-0.6396 -0.6396 0.4264
0.6396 0.6396 0.4264
-0.6396 -0.6396 -0.4264
-0.6396 0.4264 -0.6396
0.6396 -0.4264 0.6396
-0.6396 0.4264 0.6396
0.6396 -0.4264 -0.6396
0.6396 0.4264 -0.6396
-0.6396 -0.4264 0.6396
0.6396 0.4264 0.6396
-0.6396 -0.4264 -0.6396
-0.40825 0.8165 -0.40825
0.40825 -0.8165 0.40825
-0.40825 0.8165 0.40825
0.40825 -0.8165 -0.40825
0.40825 0.8165 -0.40825
-0.40825 -0.8165 0.40825
0.40825 0.8165 0.40825
-0.40825 -0.8165 -0.40825
-0.8165 0.40825 -0.40825
0.8165 -0.40825 0.40825
-0.8165 0.40825 0.40825
0.8165 -0.40825 -0.40825
-0.40825 0.40825 -0.8165
0.40825 -0.40825 0.8165
-0.40825 0.40825 0.8165
0.40825 -0.40825 -0.8165
0.40825 0.40825 -0.8165
-0.40825 -0.40825 0.8165
0.40825 0.40825 0.8165
-0.40825 -0.40825 -0.8165
0.8165 0.40825 -0.40825
-0.8165 -0.40825 0.40825
0.8165 0.40825 0.40825
-0.8165 -0.40825 -0.40825
0 1 0
0 -1 0
-0.6 0.8 0
0.6 -0.8 0
0 0.8 -0.6
0 -0.8 0.6
0 0.8 0.6
0 -0.8 -0.6
0.6 0.8 0
-0.6 -0.8 0
-0.8 0.6 0
0.8 -0.6 0
0 0.6 -0.8
0 -0.6 0.8
0 0.6 0.8
0 -0.6 -0.8
0.8 0.6 0
-0.8 -0.6 0
-1 -0 0
1 -0 0
-0.8 -0 -0.6
0.8 -0 0.6
-0.8 -0 0.6
0.8 -0 -0.6
-0.6 -0 -0.8
0.6 -0 0.8
-0.6 -0 0.8
0.6 -0 -0.8
0 -0 -1
0 -0 1
-0.19612 0.98058 0
0.19612 -0.98058 0
0 0.98058 -0.19612
0 -0.98058 0.19612
0 0.98058 0.19612
0 -0.98058 -0.19612
0.19612 0.98058 0
-0.19612 -0.98058 0
-0.58835 0.78446 -0.19612
0.58835 -0.78446 0.19612
-0.58835 0.78446 0.19612
0.58835 -0.78446 -0.19612
-0.19612 0.78446 -0.58835
0.19612 -0.78446 0.58835
-0.19612 0.78446 0.58835
0.19612 -0.78446 -0.58835
0.19612 0.78446 -0.58835
-0.19612 -0.78446 0.58835
0.19612 0.78446 0.58835
-0.19612 -0.78446 -0.58835
0.58835 0.78446 -0.19612
-0.58835 -0.78446 0.19612
0.58835 0.78446 0.19612
-0.58835 -0.78446 -0.19612
-0.78446 0.58835 -0.19612
0.78446 -0.58835 0.19612
-0.78446 0.58835 0.19612
0.78446 -0.58835 -0.19612
-0.19612 0.58835 -0.78446
0.19612 -0.58835 0.78446
-0.19612 0.58835 0.78446
0.19612 -0.58835 -0.78446
0.19612 0.58835 -0.78446
-0.19612 -0.58835 0.78446
0.19612 0.58835 0.78446
-0.19612 -0.58835 -0.78446
0.78446 0.58835 -0.19612
-0.78446 -0.58835 0.19612
0.78446 0.58835 0.19612
-0.78446 -0.58835 -0.19612
-0.98058 0.19612 0
0.98058 -0.19612 0
-0.78446 0.19612 -0.58835
0.78446 -0.19612 0.58835
-0.78446 0.19612 0.58835
0.78446 -0.19612 -0.58835
-0.58835 0.19612 -0.78446
0.58835 -0.19612 0.78446
-0.58835 0.19612 0.78446
0.58835 -0.19612 -0.78446
0 0.19612 -0.98058
0 -0.19612 0.98058
0 0.19612 0.98058
0 -0.19612 -0.98058
0.58835 0.19612 -0.78446
-0.58835 -0.19612 0.78446
0.58835 0.19612 0.78446
-0.58835 -0.19612 -0.78446
0.78446 0.19612 -0.58835
-0.78446 -0.19612 0.58835
0.78446 0.19612 0.58835
-0.78446 -0.19612 -0.58835
0.98058 0.19612 0
-0.98058 -0.19612 0
-0.98058 -0 -0.19612
0.98058 -0 0.19612
-0.98058 -0 0.19612
0.98058 -0 -0.19612
-0.19612 -0 -0.98058
0.19612 -0 0.98058
-0.19612 -0 0.98058
0.19612 -0 -0.98058
-0.19245 0.96225 -0.19245
0.19245 -0.96225 0.19245
-0.19245 0.96225 0.19245
0.19245 -0.96225 -0.19245
0.19245 0.96225 -0.19245
-0.19245 -0.96225 0.19245
0.19245 0.96225 0.19245
-0.19245 -0.96225 -0.19245
-0.57735 0.57735 -0.57735
0.57735 -0.57735 0.57735
-0.57735 0.57735 0.57735
0.57735 -0.57735 -0.57735
0.57735 0.57735 -0.57735
-0.57735 -0.57735 0.57735
0.57735 0.57735 0.57735
-0.57735 -0.57735 -0.57735
-0.96225 0.19245 -0.19245
0.96225 -0.19245 0.19245
-0.96225 0.19245 0.19245
0.96225 -0.19245 -0.19245
-0.19245 0.19245 -0.96225
0.19245 -0.19245 0.96225
-0.19245 0.19245 0.96225
0.19245 -0.19245 -0.96225
0.19245 0.19245 -0.96225
-0.19245 -0.19245 0.96225
0.19245 0.19245 0.96225
-0.19245 -0.19245 -0.96225
0.96225 0.19245 -0.19245
-0.96225 -0.19245 0.19245
0.96225 0.19245 0.19245
-0.96225 -0.19245 -0.19245
-0.37139 0.92848 0
0.37139 -0.92848 0
0 0.92848 -0.37139
0 -0.92848 0.37139
0 0.92848 0.37139
0 -0.92848 -0.37139
0.37139 0.92848 0
-0.37139 -0.92848 0
-0.55709 0.74278 -0.37139
0.55709 -0.74278 0.37139
-0.55709 0.74278 0.37139
0.55709 -0.74278 -0.37139
-0.37139 0.74278 -0.55709
0.37139 -0.74278 0.55709
-0.37139 0.74278 0.55709
0.37139 -0.74278 -0.55709
0.37139 0.74278 -0.55709
-0.37139 -0.74278 0.55709
0.37139 0.74278 0.55709
-0.37139 -0.74278 -0.55709
0.55709 0.74278 -0.37139
-0.55709 -0.74278 0.37139
0.55709 0.74278 0.37139
-0.55709 -0.74278 -0.37139
-0.74278 0.55709 -0.37139
0.74278 -0.55709 0.37139
-0.74278 0.55709 0.37139
0.74278 -0.55709 -0.37139
-0.37139 0.55709 -0.74278
0.37139 -0.55709 0.74278
-0.37139 0.55709 0.74278
0.37139 -0.55709 -0.74278
0.37139 0.55709 -0.74278
-0.37139 -0.55709 0.74278
0.37139 0.55709 0.74278
-0.37139 -0.55709 -0.74278
0.74278 0.55709 -0.37139
-0.74278 -0.55709 0.37139
0.74278 0.55709 0.37139
-0.74278 -0.55709 -0.37139
-0.92848 0.37139 0
0.92848 -0.37139 0
-0.74278 0.37139 -0.55709
0.74278 -0.37139 0.55709
-0.74278 0.37139 0.55709
0.74278 -0.37139 -0.55709
-0.55709 0.37139 -0.74278
0.55709 -0.37139 0.74278
-0.55709 0.37139 0.74278
0.55709 -0.37139 -0.74278
0 0.37139 -0.92848
0 -0.37139 0.92848
0 0.37139 0.92848
0 -0.37139 -0.92848
0.55709 0.37139 -0.74278
-0.55709 -0.37139 0.74278
0.55709 0.37139 0.74278
-0.55709 -0.37139 -0.74278
0.74278 0.37139 -0.55709
-0.74278 -0.37139 0.55709
0.74278 0.37139 0.55709
-0.74278 -0.37139 -0.55709
0.92848 0.37139 0
-0.92848 -0.37139 0
-0.92848 -0 -0.37139
0.92848 -0 0.37139
-0.92848 -0 0.37139
0.92848 -0 -0.37139
-0.37139 -0 -0.92848
0.37139 -0 0.92848
-0.37139 -0 0.92848
0.37139 -0 -0.92848
-0.36515 0.91287 -0.18257
0.36515 -0.91287 0.18257
-0.36515 0.91287 0.18257
0.36515 -0.91287 -0.18257
-0.18257 0.91287 -0.36515
0.18257 -0.91287 0.36515
-0.18257 0.91287 0.36515
0.18257 -0.91287 -0.36515
0.18257 0.91287 -0.36515
-0.18257 -0.91287 0.36515
0.18257 0.91287 0.36515
-0.18257 -0.91287 -0.36515
0.36515 0.91287 -0.18257
-0.36515 -0.91287 0.18257
0.36515 0.91287 0.18257
-0.36515 -0.91287 -0.18257
-0.91287 0.36515 -0.18257
0.91287 -0.36515 0.18257
-0.91287 0.36515 0.18257
0.91287 -0.36515 -0.18257
-0.18257 0.36515 -0.91287
0.18257 -0.36515 0.91287
-0.18257 0.36515 0.91287
0.18257 -0.36515 -0.91287
0.18257 0.36515 -0.91287
-0.18257 -0.36515 0.91287
0.18257 0.36515 0.91287
-0.18257 -0.36515 -0.91287
0.91287 0.36515 -0.18257
-0.91287 -0.36515 0.18257
0.91287 0.36515 0.18257
-0.91287 -0.36515 -0.18257
-0.91287 0.18257 -0.36515
0.91287 -0.18257 0.36515
-0.91287 0.18257 0.36515
0.91287 -0.18257 -0.36515
-0.36515 0.18257 -0.91287
0.36515 -0.18257 0.91287
-0.36515 0.18257 0.91287
0.36515 -0.18257 -0.91287
0.36515 0.18257 -0.91287
-0.36515 -0.18257 0.91287
0.36515 0.18257 0.91287
-0.36515 -0.18257 -0.91287
0.91287 0.18257 -0.36515
-0.91287 -0.18257 0.36515
0.91287 0.18257 0.36515
-0.91287 -0.18257 -0.36515
-0.70711 0.70711 0
0.70711 -0.70711 0
0 0.70711 -0.70711
0 -0.70711 0.70711
0 0.70711 0.70711
0 -0.70711 -0.70711
0.70711 0.70711 0
-0.70711 -0.70711 0
-0.70711 -0 -0.70711
0.70711 -0 0.70711
-0.70711 -0 0.70711
0.70711 -0 -0.70711
-0.34816 0.87039 -0.34816
0.34816 -0.87039 0.34816
-0.34816 0.87039 0.34816
0.34816 -0.87039 -0.34816
0.34816 0.87039 -0.34816
-0.34816 -0.87039 0.34816
0.34816 0.87039 0.34816
-0.34816 -0.87039 -0.34816
-0.69631 0.69631 -0.17408
0.69631 -0.69631 0.17408
-0.69631 0.69631 0.17408
0.69631 -0.69631 -0.17408
-0.17408 0.69631 -0.69631
0.17408 -0.69631 0.69631
-0.17408 0.69631 0.69631
0.17408 -0.69631 -0.69631
0.17408 0.69631 -0.69631
-0.17408 -0.69631 0.69631
0.17408 0.69631 0.69631
-0.17408 -0.69631 -0.69631
0.69631 0.69631 -0.17408
-0.69631 -0.69631 0.17408
0.69631 0.69631 0.17408
-0.69631 -0.69631 -0.17408
-0.87039 0.34816 -0.34816
0.87039 -0.34816 0.34816
-0.87039 0.34816 0.34816
0.87039 -0.34816 -0.34816
-0.34816 0.34816 -0.87039
0.34816 -0.34816 0.87039
-0.34816 0.34816 0.87039
0.34816 -0.34816 -0.87039
0.34816 0.34816 -0.87039
-0.34816 -0.34816 0.87039
0.34816 0.34816 0.87039
-0.34816 -0.34816 -0.87039
0.87039 0.34816 -0.34816
-0.87039 -0.34816 0.34816
0.87039 0.34816 0.34816
-0.87039 -0.34816 -0.34816
-0.69631 0.17408 -0.69631
0.69631 -0.17408 0.69631
-0.69631 0.17408 0.69631
0.69631 -0.17408 -0.69631
0.69631 0.17408 -0.69631
-0.69631 -0.17408 0.69631
0.69631 0.17408 0.69631
-0.69631 -0.17408 -0.69631
-0.5145 0.85749 0
0.5145 -0.85749 0
0 0.85749 -0.5145
0 -0.85749 0.5145
0 0.85749 0.5145
0 -0.85749 -0.5145
0.5145 0.85749 0
-0.5145 -0.85749 0
-0.5145 0.68599 -0.5145
0.5145 -0.68599 0.5145
-0.5145 0.68599 0.5145
0.5145 -0.68599 -0.5145
0.5145 0.68599 -0.5145
-0.5145 -0.68599 0.5145
0.5145 0.68599 0.5145
-0.5145 -0.68599 -0.5145
-0.85749 0.5145 0
0.85749 -0.5145 0
-0.68599 0.5145 -0.5145
0.68599 -0.5145 0.5145
-0.68599 0.5145 0.5145
0.68599 -0.5145 -0.5145
-0.5145 0.5145 -0.68599
0.5145 -0.5145 0.68599
-0.5145 0.5145 0.68599
0.5145 -0.5145 -0.68599
0 0.5145 -0.85749
0 -0.5145 0.85749
0 0.5145 0.85749
0 -0.5145 -0.85749
0.5145 0.5145 -0.68599
-0.5145 -0.5145 0.68599
0.5145 0.5145 0.68599
-0.5145 -0.5145 -0.68599
0.68599 0.5145 -0.5145
-0.68599 -0.5145 0.5145
0.68599 0.5145 0.5145
-0.68599 -0.5145 -0.5145
0.85749 0.5145 0
-0.85749 -0.5145 0
-0.85749 -0 -0.5145
0.85749 -0 0.5145
-0.85749 -0 0.5145
0.85749 -0 -0.5145
-0.5145 -0 -0.85749
0.5145 -0 0.85749
-0.5145 -0 0.85749
0.5145 -0 -0.85749
-0.50709 0.84515 -0.16903
0.50709 -0.84515 0.16903
-0.50709 0.84515 0.16903
0.50709 -0.84515 -0.16903
-0.16903 0.84515 -0.50709
0.16903 -0.84515 0.50709
-0.16903 0.84515 0.50709
0.16903 -0.84515 -0.50709
0.16903 0.84515 -0.50709
-0.16903 -0.84515 0.50709
0.16903 0.84515 0.50709
-0.16903 -0.84515 -0.50709
0.50709 0.84515 -0.16903
-0.50709 -0.84515 0.16903
0.50709 0.84515 0.16903
-0.50709 -0.84515 -0.16903
-0.84515 0.50709 -0.16903
0.84515 -0.50709 0.16903
-0.84515 0.50709 0.16903
0.84515 -0.50709 -0.16903
-0.16903 0.50709 -0.84515
0.16903 -0.50709 0.84515
-0.16903 0.50709 0.84515
0.16903 -0.50709 -0.84515
0.16903 0.50709 -0.84515
-0.16903 -0.50709 0.84515
0.16903 0.50709 0.84515
-0.16903 -0.50709 -0.84515
0.84515 0.50709 -0.16903
-0.84515 -0.50709 0.16903
0.84515 0.50709 0.16903
-0.84515 -0.50709 -0.16903
-0.84515 0.16903 -0.50709
0.84515 -0.16903 0.50709
-0.84515 0.16903 0.50709
0.84515 -0.16903 -0.50709
-0.50709 0.16903 -0.84515
0.50709 -0.16903 0.84515
-0.50709 0.16903 0.84515
0.50709 -0.16903 -0.84515
0.50709 0.16903 -0.84515
-0.50709 -0.16903 0.84515
0.50709 0.16903 0.84515
-0.50709 -0.16903 -0.84515
0.84515 0.16903 -0.50709
-0.84515 -0.16903 0.50709
0.84515 0.16903 0.50709
-0.84515 -0.16903 -0.50709
0 1 0
0 -1 0
-0.66667 0.66667 -0.33333
0.66667 -0.66667 0.33333
-0.66667 0.66667 0.33333
0.66667 -0.66667 -0.33333
-0.33333 0.66667 -0.66667
0.33333 -0.66667 0.66667
-0.33333 0.66667 0.66667
0.33333 -0.66667 -0.66667
0.33333 0.66667 -0.66667
-0.33333 -0.66667 0.66667
0.33333 0.66667 0.66667
-0.33333 -0.66667 -0.66667
0.66667 0.66667 -0.33333
-0.66667 -0.66667 0.33333
0.66667 0.66667 0.33333
-0.66667 -0.66667 -0.33333
-0.66667 0.33333 -0.66667
0.66667 -0.33333 0.66667
-0.66667 0.33333 0.66667
0.66667 -0.33333 -0.66667
0.66667 0.33333 -0.66667
-0.66667 -0.33333 0.66667
0.66667 0.33333 0.66667
-0.66667 -0.33333 -0.66667
-1 -0 0
1 -0 0
0 -0 -1
0 -0 1
-0.1644 0.98639 0
0.1644 -0.98639 0
0 0.98639 -0.1644
0 -0.98639 0.1644
0 0.98639 0.1644
0 -0.98639 -0.1644
0.1644 0.98639 0
-0.1644 -0.98639 0
-0.98639 0.1644 0
0.98639 -0.1644 0
0 0.1644 -0.98639
0 -0.1644 0.98639
0 0.1644 0.98639
0 -0.1644 -0.98639
0.98639 0.1644 0
-0.98639 -0.1644 0
-0.98639 -0 -0.1644
0.98639 -0 0.1644
-0.98639 -0 0.1644
0.98639 -0 -0.1644
-0.1644 -0 -0.98639
0.1644 -0 0.98639
-0.1644 -0 0.98639
0.1644 -0 -0.98639
-0.16222 0.97333 -0.16222
0.16222 -0.97333 0.16222
-0.16222 0.97333 0.16222
0.16222 -0.97333 -0.16222
0.16222 0.97333 -0.16222
-0.16222 -0.97333 0.16222
0.16222 0.97333 0.16222
-0.16222 -0.97333 -0.16222
-0.48666 0.81111 -0.32444
0.48666 -0.81111 0.32444
-0.48666 0.81111 0.32444
0.48666 -0.81111 -0.32444
-0.32444 0.81111 -0.48666
0.32444 -0.81111 0.48666
-0.32444 0.81111 0.48666
0.32444 -0.81111 -0.48666
0.32444 0.81111 -0.48666
-0.32444 -0.81111 0.48666
0.32444 0.81111 0.48666
-0.32444 -0.81111 -0.48666
0.48666 0.81111 -0.32444
-0.48666 -0.81111 0.32444
0.48666 0.81111 0.32444
-0.48666 -0.81111 -0.32444
-0.81111 0.48666 -0.32444
0.81111 -0.48666 0.32444
-0.81111 0.48666 0.32444
0.81111 -0.48666 -0.32444
-0.32444 0.48666 -0.81111
0.32444 -0.48666 0.81111
-0.32444 0.48666 0.81111
0.32444 -0.48666 -0.81111
0.32444 0.48666 -0.81111
-0.32444 -0.48666 0.81111
0.32444 0.48666 0.81111
-0.32444 -0.48666 -0.81111
0.81111 0.48666 -0.32444
-0.81111 -0.48666 0.32444
0.81111 0.48666 0.32444
-0.81111 -0.48666 -0.32444
-0.81111 0.32444 -0.48666
0.81111 -0.32444 0.48666
-0.81111 0.32444 0.48666
0.81111 -0.32444 -0.48666
-0.48666 0.32444 -0.81111
0.48666 -0.32444 0.81111
-0.48666 0.32444 0.81111
0.48666 -0.32444 -0.81111
0.48666 0.32444 -0.81111
-0.48666 -0.32444 0.81111
0.48666 0.32444 0.81111
-0.48666 -0.32444 -0.81111
0.81111 0.32444 -0.48666
-0.81111 -0.32444 0.48666
0.81111 0.32444 0.48666
-0.81111 -0.32444 -0.48666
-0.97333 0.16222 -0.16222
0.97333 -0.16222 0.16222
-0.97333 0.16222 0.16222
0.97333 -0.16222 -0.16222
-0.16222 0.16222 -0.97333
0.16222 -0.16222 0.97333
-0.16222 0.16222 0.97333
0.16222 -0.16222 -0.97333
0.16222 0.16222 -0.97333
-0.16222 -0.16222 0.97333
0.16222 0.16222 0.97333
-0.16222 -0.16222 -0.97333
0.97333 0.16222 -0.16222
-0.97333 -0.16222 0.16222
0.97333 0.16222 0.16222
-0.97333 -0.16222 -0.16222
-0.31623 0.94868 0
0.31623 -0.94868 0
0 0.94868 -0.31623
0 -0.94868 0.31623
0 0.94868 0.31623
0 -0.94868 -0.31623
0.31623 0.94868 0
-0.31623 -0.94868 0
-0.94868 0.31623 0
0.94868 -0.31623 0
0 0.31623 -0.94868
0 -0.31623 0.94868
0 0.31623 0.94868
0 -0.31623 -0.94868
0.94868 0.31623 0
-0.94868 -0.31623 0
-0.94868 -0 -0.31623
0.94868 -0 0.31623
-0.94868 -0 0.31623
0.94868 -0 -0.31623
-0.31623 -0 -0.94868
0.31623 -0 0.94868
-0.31623 -0 0.94868
0.31623 -0 -0.94868
-0.31235 0.93704 -0.15617
0.31235 -0.93704 0.15617
-0.31235 0.93704 0.15617
0.31235 -0.93704 -0.15617
-0.15617 0.93704 -0.31235
0.15617 -0.93704 0.31235
-0.15617 0.93704 0.31235
0.15617 -0.93704 -0.31235
0.15617 0.93704 -0.31235
-0.15617 -0.93704 0.31235
0.15617 0.93704 0.31235
-0.15617 -0.93704 -0.31235
0.31235 0.93704 -0.15617
-0.31235 -0.93704 0.15617
0.31235 0.93704 0.15617
-0.31235 -0.93704 -0.15617
-0.6247 0.78087 0
0.6247 -0.78087 0
0 0.78087 -0.6247
0 -0.78087 0.6247
0 0.78087 0.6247
0 -0.78087 -0.6247
0.6247 0.78087 0
-0.6247 -0.78087 0
-0.78087 0.6247 0
0.78087 -0.6247 0
-0.6247 0.6247 -0.46852
0.6247 -0.6247 0.46852
-0.6247 0.6247 0.46852
0.6247 -0.6247 -0.46852
-0.46852 0.6247 -0.6247
0.46852 -0.6247 0.6247
-0.46852 0.6247 0.6247
0.46852 -0.6247 -0.6247
0 0.6247 -0.78087
0 -0.6247 0.78087
0 0.6247 0.78087
0 -0.6247 -0.78087
0.46852 0.6247 -0.6247
-0.46852 -0.6247 0.6247
0.46852 0.6247 0.6247
-0.46852 -0.6247 -0.6247
0.6247 0.6247 -0.46852
-0.6247 -0.6247 0.46852
0.6247 0.6247 0.46852
-0.6247 -0.6247 -0.46852
0.78087 0.6247 0
-0.78087 -0.6247 0
-0.6247 0.46852 -0.6247
0.6247 -0.46852 0.6247
-0.6247 0.46852 0.6247
0.6247 -0.46852 -0.6247
0.6247 0.46852 -0.6247
-0.6247 -0.46852 0.6247
0.6247 0.46852 0.6247
-0.6247 -0.46852 -0.6247
-0.93704 0.31235 -0.15617
0.93704 -0.31235 0.15617
-0.93704 0.31235 0.15617
0.93704 -0.31235 -0.15617
-0.15617 0.31235 -0.93704
0.15617 -0.31235 0.93704
-0.15617 0.31235 0.93704
0.15617 -0.31235 -0.93704
0.15617 0.31235 -0.93704
-0.15617 -0.31235 0.93704
0.15617 0.31235 0.93704
-0.15617 -0.31235 -0.93704
0.93704 0.31235 -0.15617
-0.93704 -0.31235 0.15617
0.93704 0.31235 0.15617
-0.93704 -0.31235 -0.15617
-0.93704 0.15617 -0.31235
0.93704 -0.15617 0.31235
-0.93704 0.15617 0.31235
0.93704 -0.15617 -0.31235
-0.31235 0.15617 -0.93704
0.31235 -0.15617 0.93704
-0.31235 0.15617 0.93704
0.31235 -0.15617 -0.93704
0.31235 0.15617 -0.93704
-0.31235 -0.15617 0.93704
0.31235 0.15617 0.93704
-0.31235 -0.15617 -0.93704
0.93704 0.15617 -0.31235
-0.93704 -0.15617 0.31235
0.93704 0.15617 0.31235
-0.93704 -0.15617 -0.31235
-0.78087 -0 -0.6247
0.78087 -0 0.6247
-0.78087 -0 0.6247
0.78087 -0 -0.6247
-0.6247 -0 -0.78087
0.6247 -0 0.78087
-0.6247 -0 0.78087
0.6247 -0 -0.78087
-0.61721 0.77152 -0.1543
0.61721 -0.77152 0.1543
-0.61721 0.77152 0.1543
0.61721 -0.77152 -0.1543
-0.1543 0.77152 -0.61721
0.1543 -0.77152 0.61721
-0.1543 0.77152 0.61721
0.1543 -0.77152 -0.61721
0.1543 0.77152 -0.61721
-0.1543 -0.77152 0.61721
0.1543 0.77152 0.61721
-0.1543 -0.77152 -0.61721
0.61721 0.77152 -0.1543
-0.61721 -0.77152 0.1543
0.61721 0.77152 0.1543
-0.61721 -0.77152 -0.1543
-0.77152 0.61721 -0.1543
0.77152 -0.61721 0.1543
-0.77152 0.61721 0.1543
0.77152 -0.61721 -0.1543
-0.1543 0.61721 -0.77152
0.1543 -0.61721 0.77152
-0.1543 0.61721 0.77152
0.1543 -0.61721 -0.77152
0.1543 0.61721 -0.77152
-0.1543 -0.61721 0.77152
0.1543 0.61721 0.77152
-0.1543 -0.61721 -0.77152
0.77152 0.61721 -0.1543
-0.77152 -0.61721 0.1543
0.77152 0.61721 0.1543
-0.77152 -0.61721 -0.1543
-0.77152 0.1543 -0.61721
0.77152 -0.1543 0.61721
-0.77152 0.1543 0.61721
0.77152 -0.1543 -0.61721
-0.61721 0.1543 -0.77152
0.61721 -0.1543 0.77152
-0.61721 0.1543 0.77152
0.61721 -0.1543 -0.77152
0.61721 0.1543 -0.77152
-0.61721 -0.1543 0.77152
0.61721 0.1543 0.77152
-0.61721 -0.1543 -0.77152
0.77152 0.1543 -0.61721
-0.77152 -0.1543 0.61721
0.77152 0.1543 0.61721
-0.77152 -0.1543 -0.61721
-0.4575 0.76249 -0.4575
0.4575 -0.76249 0.4575
-0.4575 0.76249 0.4575
0.4575 -0.76249 -0.4575
0.4575 0.76249 -0.4575
-0.4575 -0.76249 0.4575
0.4575 0.76249 0.4575
-0.4575 -0.76249 -0.4575
-0.76249 0.4575 -0.4575
0.76249 -0.4575 0.4575
-0.76249 0.4575 0.4575
0.76249 -0.4575 -0.4575
-0.4575 0.4575 -0.76249
0.4575 -0.4575 0.76249
-0.4575 0.4575 0.76249
0.4575 -0.4575 -0.76249
0.4575 0.4575 -0.76249
-0.4575 -0.4575 0.76249
0.4575 0.4575 0.76249
-0.4575 -0.4575 -0.76249
0.76249 0.4575 -0.4575
-0.76249 -0.4575 0.4575
0.76249 0.4575 0.4575
-0.76249 -0.4575 -0.4575
-0.30151 0.90453 -0.30151
0.30151 -0.90453 0.30151
-0.30151 0.90453 0.30151
0.30151 -0.90453 -0.30151
0.30151 0.90453 -0.30151
-0.30151 -0.90453 0.30151
0.30151 0.90453 0.30151
-0.30151 -0.90453 -0.30151
-0.90453 0.30151 -0.30151
0.90453 -0.30151 0.30151
-0.90453 0.30151 0.30151
0.90453 -0.30151 -0.30151
-0.30151 0.30151 -0.90453
0.30151 -0.30151 0.90453
-0.30151 0.30151 0.90453
0.30151 -0.30151 -0.90453
0.30151 0.30151 -0.90453
-0.30151 -0.30151 0.90453
0.30151 0.30151 0.90453
-0.30151 -0.30151 -0.90453
0.90453 0.30151 -0.30151
-0.90453 -0.30151 0.30151
0.90453 0.30151 0.30151
-0.90453 -0.30151 -0.30151
-0.44721 0.89443 0
0.44721 -0.89443 0
0 0.89443 -0.44721
0 -0.89443 0.44721
0 0.89443 0.44721
0 -0.89443 -0.44721
0.44721 0.89443 0
-0.44721 -0.89443 0
-0.59628 0.74536 -0.29814
0.59628 -0.74536 0.29814
-0.59628 0.74536 0.29814
0.59628 -0.74536 -0.29814
-0.29814 0.74536 -0.59628
0.29814 -0.74536 0.59628
-0.29814 0.74536 0.59628
0.29814 -0.74536 -0.59628
0.29814 0.74536 -0.59628
-0.29814 -0.74536 0.59628
0.29814 0.74536 0.59628
-0.29814 -0.74536 -0.59628
0.59628 0.74536 -0.29814
-0.59628 -0.74536 0.29814
0.59628 0.74536 0.29814
-0.59628 -0.74536 -0.29814
-0.74536 0.59628 -0.29814
0.74536 -0.59628 0.29814
-0.74536 0.59628 0.29814
0.74536 -0.59628 -0.29814
-0.29814 0.59628 -0.74536
0.29814 -0.59628 0.74536
-0.29814 0.59628 0.74536
0.29814 -0.59628 -0.74536
0.29814 0.59628 -0.74536
-0.29814 -0.59628 0.74536
0.29814 0.59628 0.74536
-0.29814 -0.59628 -0.74536
0.74536 0.59628 -0.29814
-0.74536 -0.59628 0.29814
0.74536 0.59628 0.29814
-0.74536 -0.59628 -0.29814
-0.89443 0.44721 0
0.89443 -0.44721 0
0 0.44721 -0.89443
0 -0.44721 0.89443
0 0.44721 0.89443
0 -0.44721 -0.89443
0.89443 0.44721 0
-0.89443 -0.44721 0
-0.74536 0.29814 -0.59628
0.74536 -0.29814 0.59628
-0.74536 0.29814 0.59628
0.74536 -0.29814 -0.59628
-0.59628 0.29814 -0.74536
0.59628 -0.29814 0.74536
-0.59628 0.29814 0.74536
0.59628 -0.29814 -0.74536
0.59628 0.29814 -0.74536
-0.59628 -0.29814 0.74536
0.59628 0.29814 0.74536
-0.59628 -0.29814 -0.74536
0.74536 0.29814 -0.59628
-0.74536 -0.29814 0.59628
0.74536 0.29814 0.59628
-0.74536 -0.29814 -0.59628
-0.89443 -0 -0.44721
0.89443 -0 0.44721
-0.89443 -0 0.44721
0.89443 -0 -0.44721
-0.44721 -0 -0.89443
0.44721 -0 0.89443
-0.44721 -0 0.89443
0.44721 -0 -0.89443
-0.44233 0.88465 -0.14744
0.44233 -0.88465 0.14744
-0.44233 0.88465 0.14744
0.44233 -0.88465 -0.14744
-0.14744 0.88465 -0.44233
0.14744 -0.88465 0.44233
-0.14744 0.88465 0.44233
0.14744 -0.88465 -0.44233
0.14744 0.88465 -0.44233
-0.14744 -0.88465 0.44233
0.14744 0.88465 0.44233
-0.14744 -0.88465 -0.44233
0.44233 0.88465 -0.14744
-0.44233 -0.88465 0.14744
0.44233 0.88465 0.14744
-0.44233 -0.88465 -0.14744
-0.88465 0.44233 -0.14744
0.88465 -0.44233 0.14744
-0.88465 0.44233 0.14744
0.88465 -0.44233 -0.14744
-0.14744 0.44233 -0.88465
0.14744 -0.44233 0.88465
-0.14744 0.44233 0.88465
0.14744 -0.44233 -0.88465
0.14744 0.44233 -0.88465
-0.14744 -0.44233 0.88465
0.14744 0.44233 0.88465
-0.14744 -0.44233 -0.88465
0.88465 0.44233 -0.14744
-0.88465 -0.44233 0.14744
0.88465 0.44233 0.14744
-0.88465 -0.44233 -0.14744
-0.88465 0.14744 -0.44233
0.88465 -0.14744 0.44233
-0.88465 0.14744 0.44233
0.88465 -0.14744 -0.44233
-0.44233 0.14744 -0.88465
0.44233 -0.14744 0.88465
-0.44233 0.14744 0.88465
0.44233 -0.14744 -0.88465
0.44233 0.14744 -0.88465
-0.44233 -0.14744 0.88465
0.44233 0.14744 0.88465
-0.44233 -0.14744 -0.88465
0.88465 0.14744 -0.44233
-0.88465 -0.14744 0.44233
0.88465 0.14744 0.44233
-0.88465 -0.14744 -0.44233
-0.57735 0.57735 -0.57735
0.57735 -0.57735 0.57735
-0.57735 0.57735 0.57735
0.57735 -0.57735 -0.57735
0.57735 0.57735 -0.57735
-0.57735 -0.57735 0.57735
0.57735 0.57735 0.57735
-0.57735 -0.57735 -0.57735
0 1 0
0 -1 0
-0.42857 0.85714 -0.28571
0.42857 -0.85714 0.28571
-0.42857 0.85714 0.28571
0.42857 -0.85714 -0.28571
-0.28571 0.85714 -0.42857
0.28571 -0.85714 0.42857
-0.28571 0.85714 0.42857
0.28571 -0.85714 -0.42857
0.28571 0.85714 -0.42857
-0.28571 -0.85714 0.42857
0.28571 0.85714 0.42857
-0.28571 -0.85714 -0.42857
0.42857 0.85714 -0.28571
-0.42857 -0.85714 0.28571
0.42857 0.85714 0.28571
-0.42857 -0.85714 -0.28571
-0.85714 0.42857 -0.28571
0.85714 -0.42857 0.28571
-0.85714 0.42857 0.28571
0.85714 -0.42857 -0.28571
-0.28571 0.42857 -0.85714
0.28571 -0.42857 0.85714
-0.28571 0.42857 0.85714
0.28571 -0.42857 -0.85714
0.28571 0.42857 -0.85714
-0.28571 -0.42857 0.85714
0.28571 0.42857 0.85714
-0.28571 -0.42857 -0.85714
0.85714 0.42857 -0.28571
-0.85714 -0.42857 0.28571
0.85714 0.42857 0.28571
-0.85714 -0.42857 -0.28571
-0.85714 0.28571 -0.42857
0.85714 -0.28571 0.42857
-0.85714 0.28571 0.42857
0.85714 -0.28571 -0.42857
-0.42857 0.28571 -0.85714
0.42857 -0.28571 0.85714
-0.42857 0.28571 0.85714
0.42857 -0.28571 -0.85714
0.42857 0.28571 -0.85714
-0.42857 -0.28571 0.85714
0.42857 0.28571 0.85714
-0.42857 -0.28571 -0.85714
0.85714 0.28571 -0.42857
-0.85714 -0.28571 0.42857
0.85714 0.28571 0.42857
-0.85714 -0.28571 -0.42857
-1 -0 0
1 -0 0
0 -0 -1
0 -0 1
-0.14142 0.98995 0
0.14142 -0.98995 0
0 0.98995 -0.14142
0 -0.98995 0.14142
0 0.98995 0.14142
0 -0.98995 -0.14142
0.14142 0.98995 0
-0.14142 -0.98995 0
-0.70711 0.70711 0
0.70711 -0.70711 0
-0.56569 0.70711 -0.42426
0.56569 -0.70711 0.42426
-0.56569 0.70711 0.42426
0.56569 -0.70711 -0.42426
-0.42426 0.70711 -0.56569
0.42426 -0.70711 0.56569
-0.42426 0.70711 0.56569
0.42426 -0.70711 -0.56569
0 0.70711 -0.70711
0 -0.70711 0.70711
0 0.70711 0.70711
0 -0.70711 -0.70711
0.42426 0.70711 -0.56569
-0.42426 -0.70711 0.56569
0.42426 0.70711 0.56569
-0.42426 -0.70711 -0.56569
0.56569 0.70711 -0.42426
-0.56569 -0.70711 0.42426
0.56569 0.70711 0.42426
-0.56569 -0.70711 -0.42426
0.70711 0.70711 0
-0.70711 -0.70711 0
-0.70711 0.56569 -0.42426
0.70711 -0.56569 0.42426
-0.70711 0.56569 0.42426
0.70711 -0.56569 -0.42426
-0.42426 0.56569 -0.70711
0.42426 -0.56569 0.70711
-0.42426 0.56569 0.70711
0.42426 -0.56569 -0.70711
0.42426 0.56569 -0.70711
-0.42426 -0.56569 0.70711
0.42426 0.56569 0.70711
-0.42426 -0.56569 -0.70711
0.70711 0.56569 -0.42426
-0.70711 -0.56569 0.42426
0.70711 0.56569 0.42426
-0.70711 -0.56569 -0.42426
-0.70711 0.42426 -0.56569
0.70711 -0.42426 0.56569
-0.70711 0.42426 0.56569
0.70711 -0.42426 -0.56569
-0.56569 0.42426 -0.70711
0.56569 -0.42426 0.70711
-0.56569 0.42426 0.70711
0.56569 -0.42426 -0.70711
0.56569 0.42426 -0.70711
-0.56569 -0.42426 0.70711
0.56569 0.42426 0.70711
-0.56569 -0.42426 -0.70711
0.70711 0.42426 -0.56569
-0.70711 -0.42426 0.56569
0.70711 0.42426 0.56569
-0.70711 -0.42426 -0.56569
-0.98995 0.14142 0
0.98995 -0.14142 0
0 0.14142 -0.98995
0 -0.14142 0.98995
0 0.14142 0.98995
0 -0.14142 -0.98995
0.98995 0.14142 0
-0.98995 -0.14142 0
-0.98995 -0 -0.14142
0.98995 -0 0.14142
-0.98995 -0 0.14142
0.98995 -0 -0.14142
-0.70711 -0 -0.70711
0.70711 -0 0.70711
-0.70711 -0 0.70711
0.70711 -0 -0.70711
-0.14142 -0 -0.98995
0.14142 -0 0.98995
-0.14142 -0 0.98995
0.14142 -0 -0.98995
-0.14003 0.9802 -0.14003
0.14003 -0.9802 0.14003
-0.14003 0.9802 0.14003
0.14003 -0.9802 -0.14003
0.14003 0.9802 -0.14003
-0.14003 -0.9802 0.14003
0.14003 0.9802 0.14003
-0.14003 -0.9802 -0.14003
-0.70014 0.70014 -0.14003
0.70014 -0.70014 0.14003
-0.70014 0.70014 0.14003
0.70014 -0.70014 -0.14003
-0.14003 0.70014 -0.70014
0.14003 -0.70014 0.70014
-0.14003 0.70014 0.70014
0.14003 -0.70014 -0.70014
0.14003 0.70014 -0.70014
-0.14003 -0.70014 0.70014
0.14003 0.70014 0.70014
-0.14003 -0.70014 -0.70014
0.70014 0.70014 -0.14003
-0.70014 -0.70014 0.14003
0.70014 0.70014 0.14003
-0.70014 -0.70014 -0.14003
-0.9802 0.14003 -0.14003
0.9802 -0.14003 0.14003
-0.9802 0.14003 0.14003
0.9802 -0.14003 -0.14003
-0.70014 0.14003 -0.70014
0.70014 -0.14003 0.70014
-0.70014 0.14003 0.70014
0.70014 -0.14003 -0.70014
-0.14003 0.14003 -0.9802
0.14003 -0.14003 0.9802
-0.14003 0.14003 0.9802
0.14003 -0.14003 -0.9802
0.14003 0.14003 -0.9802
-0.14003 -0.14003 0.9802
0.14003 0.14003 0.9802
-0.14003 -0.14003 -0.9802
0.70014 0.14003 -0.70014
-0.70014 -0.14003 0.70014
0.70014 0.14003 0.70014
-0.70014 -0.14003 -0.70014
0.9802 0.14003 -0.14003
-0.9802 -0.14003 0.14003
0.9802 0.14003 0.14003
-0.9802 -0.14003 -0.14003
-0.5547 0.83205 0
0.5547 -0.83205 0
0 0.83205 -0.5547
0 -0.83205 0.5547
0 0.83205 0.5547
0 -0.83205 -0.5547
0.5547 0.83205 0
-0.5547 -0.83205 0
-0.83205 0.5547 0
0.83205 -0.5547 0
0 0.5547 -0.83205
0 -0.5547 0.83205
0 0.5547 0.83205
0 -0.5547 -0.83205
0.83205 0.5547 0
-0.83205 -0.5547 0
-0.83205 -0 -0.5547
0.83205 -0 0.5547
-0.83205 -0 0.5547
0.83205 -0 -0.5547
-0.5547 -0 -0.83205
0.5547 -0 0.83205
-0.5547 -0 0.83205
0.5547 -0 -0.83205
-0.27472 0.96152 0
0.27472 -0.96152 0
0 0.96152 -0.27472
0 -0.96152 0.27472
0 0.96152 0.27472
0 -0.96152 -0.27472
0.27472 0.96152 0
-0.27472 -0.96152 0
-0.54944 0.82416 -0.13736
0.54944 -0.82416 0.13736
-0.54944 0.82416 0.13736
0.54944 -0.82416 -0.13736
-0.13736 0.82416 -0.54944
0.13736 -0.82416 0.54944
-0.13736 0.82416 0.54944
0.13736 -0.82416 -0.54944
0.13736 0.82416 -0.54944
-0.13736 -0.82416 0.54944
0.13736 0.82416 0.54944
-0.13736 -0.82416 -0.54944
0.54944 0.82416 -0.13736
-0.54944 -0.82416 0.13736
0.54944 0.82416 0.13736
-0.54944 -0.82416 -0.13736
-0.82416 0.54944 -0.13736
0.82416 -0.54944 0.13736
-0.82416 0.54944 0.13736
0.82416 -0.54944 -0.13736
-0.13736 0.54944 -0.82416
0.13736 -0.54944 0.82416
-0.13736 0.54944 0.82416
0.13736 -0.54944 -0.82416
0.13736 0.54944 -0.82416
-0.13736 -0.54944 0.82416
0.13736 0.54944 0.82416
-0.13736 -0.54944 -0.82416
0.82416 0.54944 -0.13736
-0.82416 -0.54944 0.13736
0.82416 0.54944 0.13736
-0.82416 -0.54944 -0.13736
-0.96152 0.27472 0
0.96152 -0.27472 0
0 0.27472 -0.96152
0 -0.27472 0.96152
0 0.27472 0.96152
0 -0.27472 -0.96152
0.96152 0.27472 0
-0.96152 -0.27472 0
-0.82416 0.13736 -0.54944
0.82416 -0.13736 0.54944
-0.82416 0.13736 0.54944
0.82416 -0.13736 -0.54944
-0.54944 0.13736 -0.82416
0.54944 -0.13736 0.82416
-0.54944 0.13736 0.82416
0.54944 -0.13736 -0.82416
0.54944 0.13736 -0.82416
-0.54944 -0.13736 0.82416
0.54944 0.13736 0.82416
-0.54944 -0.13736 -0.82416
0.82416 0.13736 -0.54944
-0.82416 -0.13736 0.54944
0.82416 0.13736 0.54944
-0.82416 -0.13736 -0.54944
-0.96152 -0 -0.27472
0.96152 -0 0.27472
-0.96152 -0 0.27472
0.96152 -0 -0.27472
-0.27472 -0 -0.96152
0.27472 -0 0.96152
-0.27472 -0 0.96152
0.27472 -0 -0.96152
-0.27217 0.95258 -0.13608
0.27217 -0.95258 0.13608
-0.27217 0.95258 0.13608
0.27217 -0.95258 -0.13608
-0.13608 0.95258 -0.27217
0.13608 -0.95258 0.27217
-0.13608 0.95258 0.27217
0.13608 -0.95258 -0.27217
0.13608 0.95258 -0.27217
-0.13608 -0.95258 0.27217
0.13608 0.95258 0.27217
-0.13608 -0.95258 -0.27217
0.27217 0.95258 -0.13608
-0.27217 -0.95258 0.13608
0.27217 0.95258 0.13608
-0.27217 -0.95258 -0.13608
-0.40825 0.8165 -0.40825
0.40825 -0.8165 0.40825
-0.40825 0.8165 0.40825
0.40825 -0.8165 -0.40825
0.40825 0.8165 -0.40825
-0.40825 -0.8165 0.40825
0.40825 0.8165 0.40825
-0.40825 -0.8165 -0.40825
-0.68041 0.68041 -0.27217
0.68041 -0.68041 0.27217
-0.68041 0.68041 0.27217
0.68041 -0.68041 -0.27217
-0.27217 0.68041 -0.68041
0.27217 -0.68041 0.68041
-0.27217 0.68041 0.68041
0.27217 -0.68041 -0.68041
0.27217 0.68041 -0.68041
-0.27217 -0.68041 0.68041
0.27217 0.68041 0.68041
-0.27217 -0.68041 -0.68041
0.68041 0.68041 -0.27217
-0.68041 -0.68041 0.27217
0.68041 0.68041 0.27217
-0.68041 -0.68041 -0.27217
-0.8165 0.40825 -0.40825
0.8165 -0.40825 0.40825
-0.8165 0.40825 0.40825
0.8165 -0.40825 -0.40825
-0.40825 0.40825 -0.8165
0.40825 -0.40825 0.8165
-0.40825 0.40825 0.8165
0.40825 -0.40825 -0.8165
0.40825 0.40825 -0.8165
-0.40825 -0.40825 0.8165
0.40825 0.40825 0.8165
-0.40825 -0.40825 -0.8165
0.8165 0.40825 -0.40825
-0.8165 -0.40825 0.40825
0.8165 0.40825 0.40825
-0.8165 -0.40825 -0.40825
-0.95258 0.27217 -0.13608
0.95258 -0.27217 0.13608
-0.95258 0.27217 0.13608
0.95258 -0.27217 -0.13608
-0.68041 0.27217 -0.68041
0.68041 -0.27217 0.68041
-0.68041 0.27217 0.68041
0.68041 -0.27217 -0.68041
-0.13608 0.27217 -0.95258
0.13608 -0.27217 0.95258
-0.13608 0.27217 0.95258
0.13608 -0.27217 -0.95258
0.13608 0.27217 -0.95258
-0.13608 -0.27217 0.95258
0.13608 0.27217 0.95258
-0.13608 -0.27217 -0.95258
0.68041 0.27217 -0.68041
-0.68041 -0.27217 0.68041
0.68041 0.27217 0.68041
-0.68041 -0.27217 -0.68041
0.95258 0.27217 -0.13608
-0.95258 -0.27217 0.13608
0.95258 0.27217 0.13608
-0.95258 -0.27217 -0.13608
-0.95258 0.13608 -0.27217
0.95258 -0.13608 0.27217
-0.95258 0.13608 0.27217
0.95258 -0.13608 -0.27217
-0.27217 0.13608 -0.95258
0.27217 -0.13608 0.95258
-0.27217 0.13608 0.95258
0.27217 -0.13608 -0.95258
0.27217 0.13608 -0.95258
-0.27217 -0.13608 0.95258
0.27217 0.13608 0.95258
-0.27217 -0.13608 -0.95258
0.95258 0.13608 -0.27217
-0.95258 -0.13608 0.27217
0.95258 0.13608 0.27217
-0.95258 -0.13608 -0.27217
-0.53452 0.80178 -0.26726
0.53452 -0.80178 0.26726
-0.53452 0.80178 0.26726
0.53452 -0.80178 -0.26726
-0.26726 0.80178 -0.53452
0.26726 -0.80178 0.53452
-0.26726 0.80178 0.53452
0.26726 -0.80178 -0.53452
0.26726 0.80178 -0.53452
-0.26726 -0.80178 0.53452
0.26726 0.80178 0.53452
-0.26726 -0.80178 -0.53452
0.53452 0.80178 -0.26726
-0.53452 -0.80178 0.26726
0.53452 0.80178 0.26726
-0.53452 -0.80178 -0.26726
-0.80178 0.53452 -0.26726
0.80178 -0.53452 0.26726
-0.80178 0.53452 0.26726
0.80178 -0.53452 -0.26726
-0.26726 0.53452 -0.80178
0.26726 -0.53452 0.80178
-0.26726 0.53452 0.80178
0.26726 -0.53452 -0.80178
0.26726 0.53452 -0.80178
-0.26726 -0.53452 0.80178
0.26726 0.53452 0.80178
-0.26726 -0.53452 -0.80178
0.80178 0.53452 -0.26726
-0.80178 -0.53452 0.26726
0.80178 0.53452 0.26726
-0.80178 -0.53452 -0.26726
-0.80178 0.26726 -0.53452
0.80178 -0.26726 0.53452
-0.80178 0.26726 0.53452
0.80178 -0.26726 -0.53452
-0.53452 0.26726 -0.80178
0.53452 -0.26726 0.80178
-0.53452 0.26726 0.80178
0.53452 -0.26726 -0.80178
0.53452 0.26726 -0.80178
-0.53452 -0.26726 0.80178
0.53452 0.26726 0.80178
-0.53452 -0.26726 -0.80178
0.80178 0.26726 -0.53452
-0.80178 -0.26726 0.53452
0.80178 0.26726 0.53452
-0.80178 -0.26726 -0.53452
-0.26491 0.92717 -0.26491
0.26491 -0.92717 0.26491
-0.26491 0.92717 0.26491
0.26491 -0.92717 -0.26491
0.26491 0.92717 -0.26491
-0.26491 -0.92717 0.26491
0.26491 0.92717 0.26491
-0.26491 -0.92717 -0.26491
-0.52981 0.66227 -0.52981
0.52981 -0.66227 0.52981
-0.52981 0.66227 0.52981
0.52981 -0.66227 -0.52981
0.52981 0.66227 -0.52981
-0.52981 -0.66227 0.52981
0.52981 0.66227 0.52981
-0.52981 -0.66227 -0.52981
-0.66227 0.52981 -0.52981
0.66227 -0.52981 0.52981
-0.66227 0.52981 0.52981
0.66227 -0.52981 -0.52981
-0.52981 0.52981 -0.66227
0.52981 -0.52981 0.66227
-0.52981 0.52981 0.66227
0.52981 -0.52981 -0.66227
0.52981 0.52981 -0.66227
-0.52981 -0.52981 0.66227
0.52981 0.52981 0.66227
-0.52981 -0.52981 -0.66227
0.66227 0.52981 -0.52981
-0.66227 -0.52981 0.52981
0.66227 0.52981 0.52981
-0.66227 -0.52981 -0.52981
-0.92717 0.26491 -0.26491
0.92717 -0.26491 0.26491
-0.92717 0.26491 0.26491
0.92717 -0.26491 -0.26491
-0.26491 0.26491 -0.92717
0.26491 -0.26491 0.92717
-0.26491 0.26491 0.92717
0.26491 -0.26491 -0.92717
0.26491 0.26491 -0.92717
-0.26491 -0.26491 0.92717
0.26491 0.26491 0.92717
-0.26491 -0.26491 -0.92717
0.92717 0.26491 -0.26491
-0.92717 -0.26491 0.26491
0.92717 0.26491 0.26491
-0.92717 -0.26491 -0.26491
-0.39392 0.91915 0
0.39392 -0.91915 0
0 0.91915 -0.39392
0 -0.91915 0.39392
0 0.91915 0.39392
0 -0.91915 -0.39392
0.39392 0.91915 0
-0.39392 -0.91915 0
-0.91915 0.39392 0
0.91915 -0.39392 0
0 0.39392 -0.91915
0 -0.39392 0.91915
0 0.39392 0.91915
0 -0.39392 -0.91915
0.91915 0.39392 0
-0.91915 -0.39392 0
-0.91915 -0 -0.39392
0.91915 -0 0.39392
-0.91915 -0 0.39392
0.91915 -0 -0.39392
-0.39392 -0 -0.91915
0.39392 -0 0.91915
-0.39392 -0 0.91915
0.39392 -0 -0.91915
-0.39057 0.91132 -0.13019
0.39057 -0.91132 0.13019
-0.39057 0.91132 0.13019
0.39057 -0.91132 -0.13019
-0.13019 0.91132 -0.39057
0.13019 -0.91132 0.39057
-0.13019 0.91132 0.39057
0.13019 -0.91132 -0.39057
0.13019 0.91132 -0.39057
-0.13019 -0.91132 0.39057
0.13019 0.91132 0.39057
-0.13019 -0.91132 -0.39057
0.39057 0.91132 -0.13019
-0.39057 -0.91132 0.13019
0.39057 0.91132 0.13019
-0.39057 -0.91132 -0.13019
-0.65094 0.65094 -0.39057
0.65094 -0.65094 0.39057
-0.65094 0.65094 0.39057
0.65094 -0.65094 -0.39057
-0.39057 0.65094 -0.65094
0.39057 -0.65094 0.65094
-0.39057 0.65094 0.65094
0.39057 -0.65094 -0.65094
0.39057 0.65094 -0.65094
-0.39057 -0.65094 0.65094
0.39057 0.65094 0.65094
-0.39057 -0.65094 -0.65094
0.65094 0.65094 -0.39057
-0.65094 -0.65094 0.39057
0.65094 0.65094 0.39057
-0.65094 -0.65094 -0.39057
-0.91132 0.39057 -0.13019
0.91132 -0.39057 0.13019
-0.91132 0.39057 0.13019
0.91132 -0.39057 -0.13019
-0.65094 0.39057 -0.65094
0.65094 -0.39057 0.65094
-0.65094 0.39057 0.65094
0.65094 -0.39057 -0.65094
-0.13019 0.39057 -0.91132
0.13019 -0.39057 0.91132
-0.13019 0.39057 0.91132
0.13019 -0.39057 -0.91132
0.13019 0.39057 -0.91132
-0.13019 -0.39057 0.91132
0.13019 0.39057 0.91132
-0.13019 -0.39057 -0.91132
0.65094 0.39057 -0.65094
-0.65094 -0.39057 0.65094
0.65094 0.39057 0.65094
-0.65094 -0.39057 -0.65094
0.91132 0.39057 -0.13019
-0.91132 -0.39057 0.13019
0.91132 0.39057 0.13019
-0.91132 -0.39057 -0.13019
-0.91132 0.13019 -0.39057
0.91132 -0.13019 0.39057
-0.91132 0.13019 0.39057
0.91132 -0.13019 -0.39057
-0.39057 0.13019 -0.91132
0.39057 -0.13019 0.91132
-0.39057 0.13019 0.91132
0.39057 -0.13019 -0.91132
0.39057 0.13019 -0.91132
-0.39057 -0.13019 0.91132
0.39057 0.13019 0.91132
-0.39057 -0.13019 -0.91132
0.91132 0.13019 -0.39057
-0.91132 -0.13019 0.39057
0.91132 0.13019 0.39057
-0.91132 -0.13019 -0.39057
-0.64018 0.76822 0
0.64018 -0.76822 0
-0.51215 0.76822 -0.38411
0.51215 -0.76822 0.38411
-0.51215 0.76822 0.38411
0.51215 -0.76822 -0.38411
-0.38411 0.76822 -0.51215
0.38411 -0.76822 0.51215
-0.38411 0.76822 0.51215
0.38411 -0.76822 -0.51215
0 0.76822 -0.64018
0 -0.76822 0.64018
0 0.76822 0.64018
0 -0.76822 -0.64018
0.38411 0.76822 -0.51215
-0.38411 -0.76822 0.51215
0.38411 0.76822 0.51215
-0.38411 -0.76822 -0.51215
0.51215 0.76822 -0.38411
-0.51215 -0.76822 0.38411
0.51215 0.76822 0.38411
-0.51215 -0.76822 -0.38411
0.64018 0.76822 0
-0.64018 -0.76822 0
-0.76822 0.64018 0
0.76822 -0.64018 0
0 0.64018 -0.76822
0 -0.64018 0.76822
0 0.64018 0.76822
0 -0.64018 -0.76822
0.76822 0.64018 0
-0.76822 -0.64018 0
-0.76822 0.51215 -0.38411
0.76822 -0.51215 0.38411
-0.76822 0.51215 0.38411
0.76822 -0.51215 -0.38411
-0.38411 0.51215 -0.76822
0.38411 -0.51215 0.76822
-0.38411 0.51215 0.76822
0.38411 -0.51215 -0.76822
0.38411 0.51215 -0.76822
-0.38411 -0.51215 0.76822
0.38411 0.51215 0.76822
-0.38411 -0.51215 -0.76822
0.76822 0.51215 -0.38411
-0.76822 -0.51215 0.38411
0.76822 0.51215 0.38411
-0.76822 -0.51215 -0.38411
-0.76822 0.38411 -0.51215
0.76822 -0.38411 0.51215
-0.76822 0.38411 0.51215
0.76822 -0.38411 -0.51215
-0.51215 0.38411 -0.76822
0.51215 -0.38411 0.76822
-0.51215 0.38411 0.76822
0.51215 -0.38411 -0.76822
0.51215 0.38411 -0.76822
-0.51215 -0.38411 0.76822
0.51215 0.38411 0.76822
-0.51215 -0.38411 -0.76822
0.76822 0.38411 -0.51215
-0.76822 -0.38411 0.51215
0.76822 0.38411 0.51215
-0.76822 -0.38411 -0.51215
-0.76822 -0 -0.64018
0.76822 -0 0.64018
-0.76822 -0 0.64018
0.76822 -0 -0.64018
-0.64018 -0 -0.76822
0.64018 -0 0.76822
-0.64018 -0 0.76822
0.64018 -0 -0.76822
-0.381 0.889 -0.254
0.381 -0.889 0.254
-0.381 0.889 0.254
0.381 -0.889 -0.254
-0.254 0.889 -0.381
0.254 -0.889 0.381
-0.254 0.889 0.381
0.254 -0.889 -0.381
0.254 0.889 -0.381
-0.254 -0.889 0.381
0.254 0.889 0.381
-0.254 -0.889 -0.381
0.381 0.889 -0.254
-0.381 -0.889 0.254
0.381 0.889 0.254
-0.381 -0.889 -0.254
-0.635 0.762 -0.127
0.635 -0.762 0.127
-0.635 0.762 0.127
0.635 -0.762 -0.127
-0.127 0.762 -0.635
0.127 -0.762 0.635
-0.127 0.762 0.635
0.127 -0.762 -0.635
0.127 0.762 -0.635
-0.127 -0.762 0.635
0.127 0.762 0.635
-0.127 -0.762 -0.635
0.635 0.762 -0.127
-0.635 -0.762 0.127
0.635 0.762 0.127
-0.635 -0.762 -0.127
-0.762 0.635 -0.127
0.762 -0.635 0.127
-0.762 0.635 0.127
0.762 -0.635 -0.127
-0.127 0.635 -0.762
0.127 -0.635 0.762
-0.127 0.635 0.762
0.127 -0.635 -0.762
0.127 0.635 -0.762
-0.127 -0.635 0.762
0.127 0.635 0.762
-0.127 -0.635 -0.762
0.762 0.635 -0.127
-0.762 -0.635 0.127
0.762 0.635 0.127
-0.762 -0.635 -0.127
-0.889 0.381 -0.254
0.889 -0.381 0.254
-0.889 0.381 0.254
0.889 -0.381 -0.254
-0.254 0.381 -0.889
0.254 -0.381 0.889
-0.254 0.381 0.889
0.254 -0.381 -0.889
0.254 0.381 -0.889
-0.254 -0.381 0.889
0.254 0.381 0.889
-0.254 -0.381 -0.889
0.889 0.381 -0.254
-0.889 -0.381 0.254
0.889 0.381 0.254
-0.889 -0.381 -0.254
-0.889 0.254 -0.381
0.889 -0.254 0.381
-0.889 0.254 0.381
0.889 -0.254 -0.381
-0.381 0.254 -0.889
0.381 -0.254 0.889
-0.381 0.254 0.889
0.381 -0.254 -0.889
0.381 0.254 -0.889
-0.381 -0.254 0.889
0.381 0.254 0.889
-0.381 -0.254 -0.889
0.889 0.254 -0.381
-0.889 -0.254 0.381
0.889 0.254 0.381
-0.889 -0.254 -0.381
-0.762 0.127 -0.635
0.762 -0.127 0.635
-0.762 0.127 0.635
0.762 -0.127 -0.635
-0.635 0.127 -0.762
0.635 -0.127 0.762
-0.635 0.127 0.762
0.635 -0.127 -0.762
0.635 0.127 -0.762
-0.635 -0.127 0.762
0.762 0.127 -0.635
-0.762 -0.127 0.635
0.762 0.127 0.635
-0.762 -0.127 -0.635
0 1 0
0 -1 0
-1 -0 0
1 -0 0
0 -0 -1
0 -0 1
