0 -0 0
-0.42857 -0.28571 0.85714
0.42857 0.28571 -0.85714
-0.85714 -0.28571 -0.42857
0.85714 0.28571 0.42857
-0.85714 -0.28571 0.42857
0.85714 0.28571 -0.42857
0.85714 -0.42857 -0.28571
-0.85714 0.42857 0.28571
0.85714 -0.42857 0.28571
-0.85714 0.42857 -0.28571
0.28571 -0.42857 -0.85714
-0.28571 0.42857 0.85714
0.28571 -0.42857 0.85714
-0.28571 0.42857 -0.85714
-0.28571 -0.42857 -0.85714
0.28571 0.42857 0.85714
-0.28571 -0.42857 0.85714
0.28571 0.42857 -0.85714
-0.85714 -0.42857 -0.28571
0.85714 0.42857 0.28571
-0.85714 -0.42857 0.28571
0.85714 0.42857 -0.28571
0.42857 -0.85714 -0.28571
-0.42857 0.85714 0.28571
0.42857 -0.85714 0.28571
-0.42857 0.85714 -0.28571
0.28571 -0.85714 -0.42857
-0.28571 0.85714 0.42857
0.28571 -0.85714 0.42857
-0.28571 0.85714 -0.42857
-0.28571 -0.85714 -0.42857
0.28571 0.85714 0.42857
-0.28571 -0.85714 0.42857
0.28571 0.85714 -0.42857
-0.42857 -0.85714 -0.28571
0.42857 0.85714 0.28571
-0.42857 -0.85714 0.28571
0.42857 0.85714 -0.28571
-0 -1 0
-0 1 0
-0 1 0
-0 -1 0
1 -0 0
-1 -0 0
-0 -0 -1
-0 -0 1
0.70711 0.70711 0
-0.70711 -0.70711 0
-0 0.70711 -0.70711
-0 -0.70711 0.70711
-0 0.70711 0.70711
-0 -0.70711 -0.70711
-0.70711 0.70711 0
0.70711 -0.70711 0
0.70711 -0 -0.70711
-0.70711 -0 0.70711
0.70711 -0 0.70711
-0.70711 -0 -0.70711
0.57735 0.57735 -0.57735
-0.57735 -0.57735 0.57735
0.57735 0.57735 0.57735
-0.57735 -0.57735 -0.57735
-0.57735 0.57735 -0.57735
0.57735 -0.57735 0.57735
-0.57735 0.57735 0.57735
0.57735 -0.57735 -0.57735
-0 1 0
-0 -1 0
1 -0 0
-1 -0 0
-0 -0 -1
-0 -0 1
0.44723 0.89442 0
-0.44723 -0.89442 0
-0 0.89442 -0.44723
-0 -0.89442 0.44723
-0 0.89442 0.44723
-0 -0.89442 -0.44723
-0.44723 0.89442 0
0.44723 -0.89442 0
0.89442 0.44723 0
-0.89442 -0.44723 0
-0 0.44723 -0.89442
-0 -0.44723 0.89442
-0 0.44723 0.89442
-0 -0.44723 -0.89442
-0.89442 0.44723 0
0.89442 -0.44723 0
0.89442 -0 -0.44723
-0.89442 -0 0.44723
0.89442 -0 0.44723
-0.89442 -0 -0.44723
0.44723 -0 -0.89442
-0.44723 -0 0.89442
0.44723 -0 0.89442
-0.44723 -0 -0.89442
0.40826 0.81649 -0.40826
-0.40826 -0.81649 0.40826
0.40826 0.81649 0.40826
-0.40826 -0.81649 -0.40826
-0.40826 0.81649 -0.40826
0.40826 -0.81649 0.40826
-0.40826 0.81649 0.40826
0.40826 -0.81649 -0.40826
0.81649 0.40826 -0.40826
-0.81649 -0.40826 0.40826
0.81649 0.40826 0.40826
-0.81649 -0.40826 -0.40826
0.40826 0.40826 -0.81649
-0.40826 -0.40826 0.81649
0.40826 0.40826 0.81649
-0.40826 -0.40826 -0.81649
-0.40826 0.40826 -0.81649
0.40826 -0.40826 0.81649
-0.40826 0.40826 0.81649
0.40826 -0.40826 -0.81649
-0.81649 0.40826 -0.40826
0.81649 -0.40826 0.40826
-0.81649 0.40826 0.40826
0.81649 -0.40826 -0.40826
0.70711 0.70711 0
-0.70711 -0.70711 0
-0 0.70711 -0.70711
-0 -0.70711 0.70711
-0 0.70711 0.70711
-0 -0.70711 -0.70711
-0.70711 0.70711 0
0.70711 -0.70711 0
0.70711 -0 -0.70711
-0.70711 -0 0.70711
0.70711 -0 0.70711
-0.70711 -0 -0.70711
-0 1 0
-0 -1 0
0.66666 0.66666 -0.33334
-0.66666 -0.66666 0.33334
0.66666 0.66666 0.33334
-0.66666 -0.66666 -0.33334
0.33334 0.66666 -0.66666
-0.33334 -0.66666 0.66666
0.33334 0.66666 0.66666
-0.33334 -0.66666 -0.66666
-0.33334 0.66666 -0.66666
0.33334 -0.66666 0.66666
-0.33334 0.66666 0.66666
0.33334 -0.66666 -0.66666
-0.66666 0.66666 -0.33334
0.66666 -0.66666 0.33334
-0.66666 0.66666 0.33334
0.66666 -0.66666 -0.33334
0.66666 0.33334 -0.66666
-0.66666 -0.33334 0.66666
0.66666 0.33334 0.66666
-0.66666 -0.33334 -0.66666
-0.66666 0.33334 -0.66666
0.66666 -0.33334 0.66666
-0.66666 0.33334 0.66666
0.66666 -0.33334 -0.66666
1 -0 0
-1 -0 0
-0 -0 -1
-0 -0 1
0.31623 0.94868 0
-0.31623 -0.94868 0
-0 0.94868 -0.31623
-0 -0.94868 0.31623
-0 0.94868 0.31623
-0 -0.94868 -0.31623
-0.31623 0.94868 0
0.31623 -0.94868 0
0.94868 0.31623 0
-0.94868 -0.31623 0
-0 0.31623 -0.94868
-0 -0.31623 0.94868
-0 0.31623 0.94868
-0 -0.31623 -0.94868
-0.94868 0.31623 0
0.94868 -0.31623 0
0.94868 -0 -0.31623
-0.94868 -0 0.31623
0.94868 -0 0.31623
-0.94868 -0 -0.31623
0.31623 -0 -0.94868
-0.31623 -0 0.94868
0.31623 -0 0.94868
-0.31623 -0 -0.94868
0.30152 0.90453 -0.30152
-0.30152 -0.90453 0.30152
0.30152 0.90453 0.30152
-0.30152 -0.90453 -0.30152
-0.30152 0.90453 -0.30152
0.30152 -0.90453 0.30152
-0.30152 0.90453 0.30152
0.30152 -0.90453 -0.30152
0.90453 0.30152 -0.30152
-0.90453 -0.30152 0.30152
0.90453 0.30152 0.30152
-0.90453 -0.30152 -0.30152
0.30152 0.30152 -0.90453
-0.30152 -0.30152 0.90453
0.30152 0.30152 0.90453
-0.30152 -0.30152 -0.90453
-0.30152 0.30152 -0.90453
0.30152 -0.30152 0.90453
-0.30152 0.30152 0.90453
0.30152 -0.30152 -0.90453
-0.90453 0.30152 -0.30152
0.90453 -0.30152 0.30152
-0.90453 0.30152 0.30152
0.90453 -0.30152 -0.30152
0.57735 0.57735 -0.57735
-0.57735 -0.57735 0.57735
0.57735 0.57735 0.57735
-0.57735 -0.57735 -0.57735
-0.57735 0.57735 -0.57735
0.57735 -0.57735 0.57735
-0.57735 0.57735 0.57735
0.57735 -0.57735 -0.57735
0.5547 0.83205 0
-0.5547 -0.83205 0
-0 0.83205 -0.5547
-0 -0.83205 0.5547
-0 0.83205 0.5547
-0 -0.83205 -0.5547
-0.5547 0.83205 0
0.5547 -0.83205 0
0.83205 0.5547 0
-0.83205 -0.5547 0
-0 0.5547 -0.83205
-0 -0.5547 0.83205
-0 0.5547 0.83205
-0 -0.5547 -0.83205
-0.83205 0.5547 0
0.83205 -0.5547 0
0.83205 -0 -0.5547
-0.83205 -0 0.5547
0.83205 -0 0.5547
-0.83205 -0 -0.5547
0.5547 -0 -0.83205
-0.5547 -0 0.83205
0.5547 -0 0.83205
-0.5547 -0 -0.83205
0.53452 0.80179 -0.26727
-0.53452 -0.80179 0.26727
0.53452 0.80179 0.26727
-0.53452 -0.80179 -0.26727
0.26727 0.80179 -0.53452
-0.26727 -0.80179 0.53452
0.26727 0.80179 0.53452
-0.26727 -0.80179 -0.53452
-0.26727 0.80179 -0.53452
0.26727 -0.80179 0.53452
-0.26727 0.80179 0.53452
0.26727 -0.80179 -0.53452
-0.53452 0.80179 -0.26727
0.53452 -0.80179 0.26727
-0.53452 0.80179 0.26727
0.53452 -0.80179 -0.26727
0.80179 0.53452 -0.26727
-0.80179 -0.53452 0.26727
0.80179 0.53452 0.26727
-0.80179 -0.53452 -0.26727
0.26727 0.53452 -0.80179
-0.26727 -0.53452 0.80179
0.26727 0.53452 0.80179
-0.26727 -0.53452 -0.80179
-0.26727 0.53452 -0.80179
0.26727 -0.53452 0.80179
-0.26727 0.53452 0.80179
0.26727 -0.53452 -0.80179
-0.80179 0.53452 -0.26727
0.80179 -0.53452 0.26727
-0.80179 0.53452 0.26727
0.80179 -0.53452 -0.26727
0.80179 0.26727 -0.53452
-0.80179 -0.26727 0.53452
0.80179 0.26727 0.53452
-0.80179 -0.26727 -0.53452
0.53452 0.26727 -0.80179
-0.53452 -0.26727 0.80179
0.53452 0.26727 0.80179
-0.53452 -0.26727 -0.80179
-0.53452 0.26727 -0.80179
0.53452 -0.26727 0.80179
-0.53452 0.26727 0.80179
0.53452 -0.26727 -0.80179
-0.80179 0.26727 -0.53452
0.80179 -0.26727 0.53452
-0.80179 0.26727 0.53452
0.80179 -0.26727 -0.53452
-0 1 0
-0 -1 0
1 -0 0
-1 -0 0
-0 -0 -1
-0 -0 1
0.24254 0.97014 0
-0.24254 -0.97014 0
-0 0.97014 -0.24254
-0 -0.97014 0.24254
-0 0.97014 0.24254
-0 -0.97014 -0.24254
-0.24254 0.97014 0
0.24254 -0.97014 0
0.48507 0.72761 -0.48507
-0.48507 -0.72761 0.48507
0.48507 0.72761 0.48507
-0.48507 -0.72761 -0.48507
-0.48507 0.72761 -0.48507
0.48507 -0.72761 0.48507
-0.48507 0.72761 0.48507
0.48507 -0.72761 -0.48507
0.72761 0.48507 -0.48507
-0.72761 -0.48507 0.48507
0.72761 0.48507 0.48507
-0.72761 -0.48507 -0.48507
0.48507 0.48507 -0.72761
-0.48507 -0.48507 0.72761
0.48507 0.48507 0.72761
-0.48507 -0.48507 -0.72761
-0.48507 0.48507 -0.72761
0.48507 -0.48507 0.72761
-0.48507 0.48507 0.72761
0.48507 -0.48507 -0.72761
-0.72761 0.48507 -0.48507
0.72761 -0.48507 0.48507
-0.72761 0.48507 0.48507
0.72761 -0.48507 -0.48507
0.97014 0.24254 0
-0.97014 -0.24254 0
-0 0.24254 -0.97014
-0 -0.24254 0.97014
-0 0.24254 0.97014
-0 -0.24254 -0.97014
-0.97014 0.24254 0
0.97014 -0.24254 0
0.97014 -0 -0.24254
-0.97014 -0 0.24254
0.97014 -0 0.24254
-0.97014 -0 -0.24254
0.24254 -0 -0.97014
-0.24254 -0 0.97014
0.24254 -0 0.97014
-0.24254 -0 -0.97014
0.23571 0.94281 -0.23571
-0.23571 -0.94281 0.23571
0.23571 0.94281 0.23571
-0.23571 -0.94281 -0.23571
-0.23571 0.94281 -0.23571
0.23571 -0.94281 0.23571
-0.23571 0.94281 0.23571
0.23571 -0.94281 -0.23571
0.70711 0.70711 0
-0.70711 -0.70711 0
-0 0.70711 -0.70711
-0 -0.70711 0.70711
-0 0.70711 0.70711
-0 -0.70711 -0.70711
-0.70711 0.70711 0
0.70711 -0.70711 0
0.94281 0.23571 -0.23571
-0.94281 -0.23571 0.23571
0.94281 0.23571 0.23571
-0.94281 -0.23571 -0.23571
0.23571 0.23571 -0.94281
-0.23571 -0.23571 0.94281
0.23571 0.23571 0.94281
-0.23571 -0.23571 -0.94281
-0.23571 0.23571 -0.94281
0.23571 -0.23571 0.94281
-0.23571 0.23571 0.94281
0.23571 -0.23571 -0.94281
-0.94281 0.23571 -0.23571
0.94281 -0.23571 0.23571
-0.94281 0.23571 0.23571
0.94281 -0.23571 -0.23571
0.70711 -0 -0.70711
-0.70711 -0 0.70711
0.70711 -0 0.70711
-0.70711 -0 -0.70711
0.68825 0.68825 -0.22942
-0.68825 -0.68825 0.22942
0.68825 0.68825 0.22942
-0.68825 -0.68825 -0.22942
0.22942 0.68825 -0.68825
-0.22942 -0.68825 0.68825
0.22942 0.68825 0.68825
-0.22942 -0.68825 -0.68825
-0.22942 0.68825 -0.68825
0.22942 -0.68825 0.68825
-0.22942 0.68825 0.68825
0.22942 -0.68825 -0.68825
-0.68825 0.68825 -0.22942
0.68825 -0.68825 0.22942
-0.68825 0.68825 0.22942
0.68825 -0.68825 -0.22942
0.68825 0.22942 -0.68825
-0.68825 -0.22942 0.68825
0.68825 0.22942 0.68825
-0.68825 -0.22942 -0.68825
-0.68825 0.22942 -0.68825
0.68825 -0.22942 0.68825
-0.68825 0.22942 0.68825
0.68825 -0.22942 -0.68825
0.44721 0.89443 0
-0.44721 -0.89443 0
-0 0.89443 -0.44721
-0 -0.89443 0.44721
-0 0.89443 0.44721
-0 -0.89443 -0.44721
-0.44721 0.89443 0
0.44721 -0.89443 0
0.89443 0.44721 0
-0.89443 -0.44721 0
-0 0.44721 -0.89443
-0 -0.44721 0.89443
-0 0.44721 0.89443
-0 -0.44721 -0.89443
-0.89443 0.44721 0
0.89443 -0.44721 0
0.89443 -0 -0.44721
-0.89443 -0 0.44721
0.89443 -0 0.44721
-0.89443 -0 -0.44721
0.44721 -0 -0.89443
-0.44721 -0 0.89443
0.44721 -0 0.89443
-0.44721 -0 -0.89443
0.43643 0.87287 -0.21822
-0.43643 -0.87287 0.21822
0.43643 0.87287 0.21822
-0.43643 -0.87287 -0.21822
0.21822 0.87287 -0.43643
-0.21822 -0.87287 0.43643
0.21822 0.87287 0.43643
-0.21822 -0.87287 -0.43643
-0.21822 0.87287 -0.43643
0.21822 -0.87287 0.43643
-0.21822 0.87287 0.43643
0.21822 -0.87287 -0.43643
-0.43643 0.87287 -0.21822
0.43643 -0.87287 0.21822
-0.43643 0.87287 0.21822
0.43643 -0.87287 -0.21822
0.87287 0.43643 -0.21822
-0.87287 -0.43643 0.21822
0.87287 0.43643 0.21822
-0.87287 -0.43643 -0.21822
0.21822 0.43643 -0.87287
-0.21822 -0.43643 0.87287
0.21822 0.43643 0.87287
-0.21822 -0.43643 -0.87287
-0.21822 0.43643 -0.87287
0.21822 -0.43643 0.87287
-0.21822 0.43643 0.87287
0.21822 -0.43643 -0.87287
-0.87287 0.43643 -0.21822
0.87287 -0.43643 0.21822
-0.87287 0.43643 0.21822
0.87287 -0.43643 -0.21822
0.87287 0.21822 -0.43643
-0.87287 -0.21822 0.43643
0.87287 0.21822 0.43643
-0.87287 -0.21822 -0.43643
0.43643 0.21822 -0.87287
-0.43643 -0.21822 0.87287
0.43643 0.21822 0.87287
-0.43643 -0.21822 -0.87287
-0.43643 0.21822 -0.87287
0.43643 -0.21822 0.87287
-0.43643 0.21822 0.87287
0.43643 -0.21822 -0.87287
-0.87287 0.21822 -0.43643
0.87287 -0.21822 0.43643
-0.87287 0.21822 0.43643
0.87287 -0.21822 -0.43643
0.6396 0.6396 -0.4264
-0.6396 -0.6396 0.4264
0.6396 0.6396 0.4264
-0.6396 -0.6396 -0.4264
0.4264 0.6396 -0.6396
-0.4264 -0.6396 0.6396
0.4264 0.6396 0.6396
-0.4264 -0.6396 -0.6396
-0.4264 0.6396 -0.6396
0.4264 -0.6396 0.6396
-0.4264 0.6396 0.6396
0.4264 -0.6396 -0.6396
-0.6396 0.6396 -0.4264
0.6396 -0.6396 0.4264
-0.6396 0.6396 0.4264
0.6396 -0.6396 -0.4264
0.6396 0.4264 -0.6396
-0.6396 -0.4264 0.6396
0.6396 0.4264 0.6396
-0.6396 -0.4264 -0.6396
-0.6396 0.4264 -0.6396
0.6396 -0.4264 0.6396
-0.6396 0.4264 0.6396
0.6396 -0.4264 -0.6396
0.40824 0.8165 -0.40824
-0.40824 -0.8165 0.40824
0.40824 0.8165 0.40824
-0.40824 -0.8165 -0.40824
-0.40824 0.8165 -0.40824
0.40824 -0.8165 0.40824
-0.40824 0.8165 0.40824
0.40824 -0.8165 -0.40824
0.8165 0.40824 -0.40824
-0.8165 -0.40824 0.40824
0.8165 0.40824 0.40824
-0.8165 -0.40824 -0.40824
0.40824 0.40824 -0.8165
-0.40824 -0.40824 0.8165
0.40824 0.40824 0.8165
-0.40824 -0.40824 -0.8165
-0.40824 0.40824 -0.8165
0.40824 -0.40824 0.8165
-0.40824 0.40824 0.8165
0.40824 -0.40824 -0.8165
-0.8165 0.40824 -0.40824
0.8165 -0.40824 0.40824
-0.8165 0.40824 0.40824
0.8165 -0.40824 -0.40824
-0 1 0
-0 -1 0
0.6 0.8 0
-0.6 -0.8 0
-0 0.8 -0.6
-0 -0.8 0.6
-0 0.8 0.6
-0 -0.8 -0.6
-0.6 0.8 0
0.6 -0.8 0
0.8 0.6 0
-0.8 -0.6 0
-0 0.6 -0.8
-0 -0.6 0.8
-0 0.6 0.8
-0 -0.6 -0.8
-0.8 0.6 0
0.8 -0.6 0
1 -0 0
-1 -0 0
0.8 -0 -0.6
-0.8 -0 0.6
0.8 -0 0.6
-0.8 -0 -0.6
0.6 -0 -0.8
-0.6 -0 0.8
0.6 -0 0.8
-0.6 -0 -0.8
-0 -0 -1
-0 -0 1
0.19612 0.98058 0
-0.19612 -0.98058 0
-0 0.98058 -0.19612
-0 -0.98058 0.19612
-0 0.98058 0.19612
-0 -0.98058 -0.19612
-0.19612 0.98058 0
0.19612 -0.98058 0
0.58835 0.78447 -0.19612
-0.58835 -0.78447 0.19612
0.58835 0.78447 0.19612
-0.58835 -0.78447 -0.19612
0.19612 0.78447 -0.58835
-0.19612 -0.78447 0.58835
0.19612 0.78447 0.58835
-0.19612 -0.78447 -0.58835
-0.19612 0.78447 -0.58835
0.19612 -0.78447 0.58835
-0.19612 0.78447 0.58835
0.19612 -0.78447 -0.58835
-0.58835 0.78447 -0.19612
0.58835 -0.78447 0.19612
-0.58835 0.78447 0.19612
0.58835 -0.78447 -0.19612
0.78447 0.58835 -0.19612
-0.78447 -0.58835 0.19612
0.78447 0.58835 0.19612
-0.78447 -0.58835 -0.19612
0.19612 0.58835 -0.78447
-0.19612 -0.58835 0.78447
0.19612 0.58835 0.78447
-0.19612 -0.58835 -0.78447
-0.19612 0.58835 -0.78447
0.19612 -0.58835 0.78447
-0.19612 0.58835 0.78447
0.19612 -0.58835 -0.78447
-0.78447 0.58835 -0.19612
0.78447 -0.58835 0.19612
-0.78447 0.58835 0.19612
0.78447 -0.58835 -0.19612
0.98058 0.19612 0
-0.98058 -0.19612 0
0.78447 0.19612 -0.58835
-0.78447 -0.19612 0.58835
0.78447 0.19612 0.58835
-0.78447 -0.19612 -0.58835
0.58835 0.19612 -0.78447
-0.58835 -0.19612 0.78447
0.58835 0.19612 0.78447
-0.58835 -0.19612 -0.78447
-0 0.19612 -0.98058
-0 -0.19612 0.98058
-0 0.19612 0.98058
-0 -0.19612 -0.98058
-0.58835 0.19612 -0.78447
0.58835 -0.19612 0.78447
-0.58835 0.19612 0.78447
0.58835 -0.19612 -0.78447
-0.78447 0.19612 -0.58835
0.78447 -0.19612 0.58835
-0.78447 0.19612 0.58835
0.78447 -0.19612 -0.58835
-0.98058 0.19612 0
0.98058 -0.19612 0
0.98058 -0 -0.19612
-0.98058 -0 0.19612
0.98058 -0 0.19612
-0.98058 -0 -0.19612
0.19612 -0 -0.98058
-0.19612 -0 0.98058
0.19612 -0 0.98058
-0.19612 -0 -0.98058
0.19245 0.96225 -0.19245
-0.19245 -0.96225 0.19245
0.19245 0.96225 0.19245
-0.19245 -0.96225 -0.19245
-0.19245 0.96225 -0.19245
0.19245 -0.96225 0.19245
-0.19245 0.96225 0.19245
0.19245 -0.96225 -0.19245
0.57735 0.57735 -0.57735
-0.57735 -0.57735 0.57735
0.57735 0.57735 0.57735
-0.57735 -0.57735 -0.57735
-0.57735 0.57735 -0.57735
0.57735 -0.57735 0.57735
-0.57735 0.57735 0.57735
0.57735 -0.57735 -0.57735
0.96225 0.19245 -0.19245
-0.96225 -0.19245 0.19245
0.96225 0.19245 0.19245
-0.96225 -0.19245 -0.19245
0.19245 0.19245 -0.96225
-0.19245 -0.19245 0.96225
0.19245 0.19245 0.96225
-0.19245 -0.19245 -0.96225
-0.19245 0.19245 -0.96225
0.19245 -0.19245 0.96225
-0.19245 0.19245 0.96225
0.19245 -0.19245 -0.96225
-0.96225 0.19245 -0.19245
0.96225 -0.19245 0.19245
-0.96225 0.19245 0.19245
0.96225 -0.19245 -0.19245
0.37138 0.92848 0
-0.37138 -0.92848 0
-0 0.92848 -0.37138
-0 -0.92848 0.37138
-0 0.92848 0.37138
-0 -0.92848 -0.37138
-0.37138 0.92848 0
0.37138 -0.92848 0
0.55709 0.74278 -0.37139
-0.55709 -0.74278 0.37139
0.55709 0.74278 0.37139
-0.55709 -0.74278 -0.37139
0.37139 0.74278 -0.55709
-0.37139 -0.74278 0.55709
0.37139 0.74278 0.55709
-0.37139 -0.74278 -0.55709
-0.37139 0.74278 -0.55709
0.37139 -0.74278 0.55709
-0.37139 0.74278 0.55709
0.37139 -0.74278 -0.55709
-0.55709 0.74278 -0.37139
0.55709 -0.74278 0.37139
-0.55709 0.74278 0.37139
0.55709 -0.74278 -0.37139
0.74278 0.55709 -0.37139
-0.74278 -0.55709 0.37139
0.74278 0.55709 0.37139
-0.74278 -0.55709 -0.37139
0.37139 0.55709 -0.74278
-0.37139 -0.55709 0.74278
0.37139 0.55709 0.74278
-0.37139 -0.55709 -0.74278
-0.37139 0.55709 -0.74278
0.37139 -0.55709 0.74278
-0.37139 0.55709 0.74278
0.37139 -0.55709 -0.74278
-0.74278 0.55709 -0.37139
0.74278 -0.55709 0.37139
-0.74278 0.55709 0.37139
0.74278 -0.55709 -0.37139
0.92848 0.37138 0
-0.92848 -0.37138 0
0.74278 0.37139 -0.55709
-0.74278 -0.37139 0.55709
0.74278 0.37139 0.55709
-0.74278 -0.37139 -0.55709
0.55709 0.37139 -0.74278
-0.55709 -0.37139 0.74278
0.55709 0.37139 0.74278
-0.55709 -0.37139 -0.74278
-0 0.37138 -0.92848
-0 -0.37138 0.92848
-0 0.37138 0.92848
-0 -0.37138 -0.92848
-0.55709 0.37139 -0.74278
0.55709 -0.37139 0.74278
-0.55709 0.37139 0.74278
0.55709 -0.37139 -0.74278
-0.74278 0.37139 -0.55709
0.74278 -0.37139 0.55709
-0.74278 0.37139 0.55709
0.74278 -0.37139 -0.55709
-0.92848 0.37138 0
0.92848 -0.37138 0
0.92848 -0 -0.37138
-0.92848 -0 0.37138
0.92848 -0 0.37138
-0.92848 -0 -0.37138
0.37138 -0 -0.92848
-0.37138 -0 0.92848
0.37138 -0 0.92848
-0.37138 -0 -0.92848
0.36514 0.91287 -0.18258
-0.36514 -0.91287 0.18258
0.36514 0.91287 0.18258
-0.36514 -0.91287 -0.18258
0.18258 0.91287 -0.36514
-0.18258 -0.91287 0.36514
0.18258 0.91287 0.36514
-0.18258 -0.91287 -0.36514
-0.18258 0.91287 -0.36514
0.18258 -0.91287 0.36514
-0.18258 0.91287 0.36514
0.18258 -0.91287 -0.36514
-0.36514 0.91287 -0.18258
0.36514 -0.91287 0.18258
-0.36514 0.91287 0.18258
0.36514 -0.91287 -0.18258
0.91287 0.36514 -0.18258
-0.91287 -0.36514 0.18258
0.91287 0.36514 0.18258
-0.91287 -0.36514 -0.18258
0.18258 0.36514 -0.91287
-0.18258 -0.36514 0.91287
0.18258 0.36514 0.91287
-0.18258 -0.36514 -0.91287
-0.18258 0.36514 -0.91287
0.18258 -0.36514 0.91287
-0.18258 0.36514 0.91287
0.18258 -0.36514 -0.91287
-0.91287 0.36514 -0.18258
0.91287 -0.36514 0.18258
-0.91287 0.36514 0.18258
0.91287 -0.36514 -0.18258
0.91287 0.18258 -0.36514
-0.91287 -0.18258 0.36514
0.91287 0.18258 0.36514
-0.91287 -0.18258 -0.36514
0.36514 0.18258 -0.91287
-0.36514 -0.18258 0.91287
0.36514 0.18258 0.91287
-0.36514 -0.18258 -0.91287
-0.36514 0.18258 -0.91287
0.36514 -0.18258 0.91287
-0.36514 0.18258 0.91287
0.36514 -0.18258 -0.91287
-0.91287 0.18258 -0.36514
0.91287 -0.18258 0.36514
-0.91287 0.18258 0.36514
0.91287 -0.18258 -0.36514
0.70711 0.70711 0
-0.70711 -0.70711 0
-0 0.70711 -0.70711
-0 -0.70711 0.70711
-0 0.70711 0.70711
-0 -0.70711 -0.70711
-0.70711 0.70711 0
0.70711 -0.70711 0
0.70711 -0 -0.70711
-0.70711 -0 0.70711
0.70711 -0 0.70711
-0.70711 -0 -0.70711
0.34815 0.87039 -0.34815
-0.34815 -0.87039 0.34815
0.34815 0.87039 0.34815
-0.34815 -0.87039 -0.34815
-0.34815 0.87039 -0.34815
0.34815 -0.87039 0.34815
-0.34815 0.87039 0.34815
0.34815 -0.87039 -0.34815
0.69631 0.69631 -0.17408
-0.69631 -0.69631 0.17408
0.69631 0.69631 0.17408
-0.69631 -0.69631 -0.17408
0.17408 0.69631 -0.69631
-0.17408 -0.69631 0.69631
0.17408 0.69631 0.69631
-0.17408 -0.69631 -0.69631
-0.17408 0.69631 -0.69631
0.17408 -0.69631 0.69631
-0.17408 0.69631 0.69631
0.17408 -0.69631 -0.69631
-0.69631 0.69631 -0.17408
0.69631 -0.69631 0.17408
-0.69631 0.69631 0.17408
0.69631 -0.69631 -0.17408
0.87039 0.34815 -0.34815
-0.87039 -0.34815 0.34815
0.87039 0.34815 0.34815
-0.87039 -0.34815 -0.34815
0.34815 0.34815 -0.87039
-0.34815 -0.34815 0.87039
0.34815 0.34815 0.87039
-0.34815 -0.34815 -0.87039
-0.34815 0.34815 -0.87039
0.34815 -0.34815 0.87039
-0.34815 0.34815 0.87039
0.34815 -0.34815 -0.87039
-0.87039 0.34815 -0.34815
0.87039 -0.34815 0.34815
-0.87039 0.34815 0.34815
0.87039 -0.34815 -0.34815
0.69631 0.17408 -0.69631
-0.69631 -0.17408 0.69631
0.69631 0.17408 0.69631
-0.69631 -0.17408 -0.69631
-0.69631 0.17408 -0.69631
0.69631 -0.17408 0.69631
-0.69631 0.17408 0.69631
0.69631 -0.17408 -0.69631
0.51449 0.8575 0
-0.51449 -0.8575 0
-0 0.8575 -0.51449
-0 -0.8575 0.51449
-0 0.8575 0.51449
-0 -0.8575 -0.51449
-0.51449 0.8575 0
0.51449 -0.8575 0
0.51449 0.686 -0.51449
-0.51449 -0.686 0.51449
0.51449 0.686 0.51449
-0.51449 -0.686 -0.51449
-0.51449 0.686 -0.51449
0.51449 -0.686 0.51449
-0.51449 0.686 0.51449
0.51449 -0.686 -0.51449
0.8575 0.51449 0
-0.8575 -0.51449 0
0.686 0.51449 -0.51449
-0.686 -0.51449 0.51449
0.686 0.51449 0.51449
-0.686 -0.51449 -0.51449
0.51449 0.51449 -0.686
-0.51449 -0.51449 0.686
0.51449 0.51449 0.686
-0.51449 -0.51449 -0.686
-0 0.51449 -0.8575
-0 -0.51449 0.8575
-0 0.51449 0.8575
-0 -0.51449 -0.8575
-0.51449 0.51449 -0.686
0.51449 -0.51449 0.686
-0.51449 0.51449 0.686
0.51449 -0.51449 -0.686
-0.686 0.51449 -0.51449
0.686 -0.51449 0.51449
-0.686 0.51449 0.51449
0.686 -0.51449 -0.51449
-0.8575 0.51449 0
0.8575 -0.51449 0
0.8575 -0 -0.51449
-0.8575 -0 0.51449
0.8575 -0 0.51449
-0.8575 -0 -0.51449
0.51449 -0 -0.8575
-0.51449 -0 0.8575
0.51449 -0 0.8575
-0.51449 -0 -0.8575
0.50709 0.84516 -0.16903
-0.50709 -0.84516 0.16903
0.50709 0.84516 0.16903
-0.50709 -0.84516 -0.16903
0.16903 0.84516 -0.50709
-0.16903 -0.84516 0.50709
0.16903 0.84516 0.50709
-0.16903 -0.84516 -0.50709
-0.16903 0.84516 -0.50709
0.16903 -0.84516 0.50709
-0.16903 0.84516 0.50709
0.16903 -0.84516 -0.50709
-0.50709 0.84516 -0.16903
0.50709 -0.84516 0.16903
-0.50709 0.84516 0.16903
0.50709 -0.84516 -0.16903
0.84516 0.50709 -0.16903
-0.84516 -0.50709 0.16903
0.84516 0.50709 0.16903
-0.84516 -0.50709 -0.16903
0.16903 0.50709 -0.84516
-0.16903 -0.50709 0.84516
0.16903 0.50709 0.84516
-0.16903 -0.50709 -0.84516
-0.16903 0.50709 -0.84516
0.16903 -0.50709 0.84516
-0.16903 0.50709 0.84516
0.16903 -0.50709 -0.84516
-0.84516 0.50709 -0.16903
0.84516 -0.50709 0.16903
-0.84516 0.50709 0.16903
0.84516 -0.50709 -0.16903
0.84516 0.16903 -0.50709
-0.84516 -0.16903 0.50709
0.84516 0.16903 0.50709
-0.84516 -0.16903 -0.50709
0.50709 0.16903 -0.84516
-0.50709 -0.16903 0.84516
0.50709 0.16903 0.84516
-0.50709 -0.16903 -0.84516
-0.50709 0.16903 -0.84516
0.50709 -0.16903 0.84516
-0.50709 0.16903 0.84516
0.50709 -0.16903 -0.84516
-0.84516 0.16903 -0.50709
0.84516 -0.16903 0.50709
-0.84516 0.16903 0.50709
0.84516 -0.16903 -0.50709
-0 1 0
-0 -1 0
0.66667 0.66667 -0.33333
-0.66667 -0.66667 0.33333
0.66667 0.66667 0.33333
-0.66667 -0.66667 -0.33333
0.33333 0.66667 -0.66667
-0.33333 -0.66667 0.66667
0.33333 0.66667 0.66667
-0.33333 -0.66667 -0.66667
-0.33333 0.66667 -0.66667
0.33333 -0.66667 0.66667
-0.33333 0.66667 0.66667
0.33333 -0.66667 -0.66667
-0.66667 0.66667 -0.33333
0.66667 -0.66667 0.33333
-0.66667 0.66667 0.33333
0.66667 -0.66667 -0.33333
0.66667 0.33333 -0.66667
-0.66667 -0.33333 0.66667
0.66667 0.33333 0.66667
-0.66667 -0.33333 -0.66667
-0.66667 0.33333 -0.66667
0.66667 -0.33333 0.66667
-0.66667 0.33333 0.66667
0.66667 -0.33333 -0.66667
1 -0 0
-1 -0 0
-0 -0 -1
-0 -0 1
0.1644 0.98639 0
-0.1644 -0.98639 0
-0 0.98639 -0.1644
-0 -0.98639 0.1644
-0 0.98639 0.1644
-0 -0.98639 -0.1644
-0.1644 0.98639 0
0.1644 -0.98639 0
0.98639 0.1644 0
-0.98639 -0.1644 0
-0 0.1644 -0.98639
-0 -0.1644 0.98639
-0 0.1644 0.98639
-0 -0.1644 -0.98639
-0.98639 0.1644 0
0.98639 -0.1644 0
0.98639 -0 -0.1644
-0.98639 -0 0.1644
0.98639 -0 0.1644
-0.98639 -0 -0.1644
0.1644 -0 -0.98639
-0.1644 -0 0.98639
0.1644 -0 0.98639
-0.1644 -0 -0.98639
0.16223 0.97333 -0.16223
-0.16223 -0.97333 0.16223
0.16223 0.97333 0.16223
-0.16223 -0.97333 -0.16223
-0.16223 0.97333 -0.16223
0.16223 -0.97333 0.16223
-0.16223 0.97333 0.16223
0.16223 -0.97333 -0.16223
0.48666 0.81111 -0.32444
-0.48666 -0.81111 0.32444
0.48666 0.81111 0.32444
-0.48666 -0.81111 -0.32444
0.32444 0.81111 -0.48666
-0.32444 -0.81111 0.48666
0.32444 0.81111 0.48666
-0.32444 -0.81111 -0.48666
-0.32444 0.81111 -0.48666
0.32444 -0.81111 0.48666
-0.32444 0.81111 0.48666
0.32444 -0.81111 -0.48666
-0.48666 0.81111 -0.32444
0.48666 -0.81111 0.32444
-0.48666 0.81111 0.32444
0.48666 -0.81111 -0.32444
0.81111 0.48666 -0.32444
-0.81111 -0.48666 0.32444
0.81111 0.48666 0.32444
-0.81111 -0.48666 -0.32444
0.32444 0.48666 -0.81111
-0.32444 -0.48666 0.81111
0.32444 0.48666 0.81111
-0.32444 -0.48666 -0.81111
-0.32444 0.48666 -0.81111
0.32444 -0.48666 0.81111
-0.32444 0.48666 0.81111
0.32444 -0.48666 -0.81111
-0.81111 0.48666 -0.32444
0.81111 -0.48666 0.32444
-0.81111 0.48666 0.32444
0.81111 -0.48666 -0.32444
0.81111 0.32444 -0.48666
-0.81111 -0.32444 0.48666
0.81111 0.32444 0.48666
-0.81111 -0.32444 -0.48666
0.48666 0.32444 -0.81111
-0.48666 -0.32444 0.81111
0.48666 0.32444 0.81111
-0.48666 -0.32444 -0.81111
-0.48666 0.32444 -0.81111
0.48666 -0.32444 0.81111
-0.48666 0.32444 0.81111
0.48666 -0.32444 -0.81111
-0.81111 0.32444 -0.48666
0.81111 -0.32444 0.48666
-0.81111 0.32444 0.48666
0.81111 -0.32444 -0.48666
0.97333 0.16223 -0.16223
-0.97333 -0.16223 0.16223
0.97333 0.16223 0.16223
-0.97333 -0.16223 -0.16223
0.16223 0.16223 -0.97333
-0.16223 -0.16223 0.97333
0.16223 0.16223 0.97333
-0.16223 -0.16223 -0.97333
-0.16223 0.16223 -0.97333
0.16223 -0.16223 0.97333
-0.16223 0.16223 0.97333
0.16223 -0.16223 -0.97333
-0.97333 0.16223 -0.16223
0.97333 -0.16223 0.16223
-0.97333 0.16223 0.16223
0.97333 -0.16223 -0.16223
0.31622 0.94868 0
-0.31622 -0.94868 0
-0 0.94868 -0.31622
-0 -0.94868 0.31622
-0 0.94868 0.31622
-0 -0.94868 -0.31622
-0.31622 0.94868 0
0.31622 -0.94868 0
0.94868 0.31622 0
-0.94868 -0.31622 0
-0 0.31622 -0.94868
-0 -0.31622 0.94868
-0 0.31622 0.94868
-0 -0.31622 -0.94868
-0.94868 0.31622 0
0.94868 -0.31622 0
0.94868 -0 -0.31622
-0.94868 -0 0.31622
0.94868 -0 0.31622
-0.94868 -0 -0.31622
0.31622 -0 -0.94868
-0.31622 -0 0.94868
0.31622 -0 0.94868
-0.31622 -0 -0.94868
0.31234 0.93704 -0.15618
-0.31234 -0.93704 0.15618
0.31234 0.93704 0.15618
-0.31234 -0.93704 -0.15618
0.15618 0.93704 -0.31234
-0.15618 -0.93704 0.31234
0.15618 0.93704 0.31234
-0.15618 -0.93704 -0.31234
-0.15618 0.93704 -0.31234
0.15618 -0.93704 0.31234
-0.15618 0.93704 0.31234
0.15618 -0.93704 -0.31234
-0.31234 0.93704 -0.15618
0.31234 -0.93704 0.15618
-0.31234 0.93704 0.15618
0.31234 -0.93704 -0.15618
0.62469 0.78087 0
-0.62469 -0.78087 0
-0 0.78087 -0.62469
-0 -0.78087 0.62469
-0 0.78087 0.62469
-0 -0.78087 -0.62469
-0.62469 0.78087 0
0.62469 -0.78087 0
0.78087 0.62469 0
-0.78087 -0.62469 0
0.6247 0.6247 -0.46852
-0.6247 -0.6247 0.46852
0.6247 0.6247 0.46852
-0.6247 -0.6247 -0.46852
0.46852 0.6247 -0.6247
-0.46852 -0.6247 0.6247
0.46852 0.6247 0.6247
-0.46852 -0.6247 -0.6247
-0 0.62469 -0.78087
-0 -0.62469 0.78087
-0 0.62469 0.78087
-0 -0.62469 -0.78087
-0.46852 0.6247 -0.6247
0.46852 -0.6247 0.6247
-0.46852 0.6247 0.6247
0.46852 -0.6247 -0.6247
-0.6247 0.6247 -0.46852
0.6247 -0.6247 0.46852
-0.6247 0.6247 0.46852
0.6247 -0.6247 -0.46852
-0.78087 0.62469 0
0.78087 -0.62469 0
0.6247 0.46852 -0.6247
-0.6247 -0.46852 0.6247
0.6247 0.46852 0.6247
-0.6247 -0.46852 -0.6247
-0.6247 0.46852 -0.6247
0.6247 -0.46852 0.6247
-0.6247 0.46852 0.6247
0.6247 -0.46852 -0.6247
0.93704 0.31234 -0.15618
-0.93704 -0.31234 0.15618
0.93704 0.31234 0.15618
-0.93704 -0.31234 -0.15618
0.15618 0.31234 -0.93704
-0.15618 -0.31234 0.93704
0.15618 0.31234 0.93704
-0.15618 -0.31234 -0.93704
-0.15618 0.31234 -0.93704
0.15618 -0.31234 0.93704
-0.15618 0.31234 0.93704
0.15618 -0.31234 -0.93704
-0.93704 0.31234 -0.15618
0.93704 -0.31234 0.15618
-0.93704 0.31234 0.15618
0.93704 -0.31234 -0.15618
0.93704 0.15618 -0.31234
-0.93704 -0.15618 0.31234
0.93704 0.15618 0.31234
-0.93704 -0.15618 -0.31234
0.31234 0.15618 -0.93704
-0.31234 -0.15618 0.93704
0.31234 0.15618 0.93704
-0.31234 -0.15618 -0.93704
-0.31234 0.15618 -0.93704
0.31234 -0.15618 0.93704
-0.31234 0.15618 0.93704
0.31234 -0.15618 -0.93704
-0.93704 0.15618 -0.31234
0.93704 -0.15618 0.31234
-0.93704 0.15618 0.31234
0.93704 -0.15618 -0.31234
0.78087 -0 -0.62469
-0.78087 -0 0.62469
0.78087 -0 0.62469
-0.78087 -0 -0.62469
0.62469 -0 -0.78087
-0.62469 -0 0.78087
0.62469 -0 0.78087
-0.62469 -0 -0.78087
0.61721 0.77152 -0.15431
-0.61721 -0.77152 0.15431
0.61721 0.77152 0.15431
-0.61721 -0.77152 -0.15431
0.15431 0.77152 -0.61721
-0.15431 -0.77152 0.61721
0.15431 0.77152 0.61721
-0.15431 -0.77152 -0.61721
-0.15431 0.77152 -0.61721
0.15431 -0.77152 0.61721
-0.15431 0.77152 0.61721
0.15431 -0.77152 -0.61721
-0.61721 0.77152 -0.15431
0.61721 -0.77152 0.15431
-0.61721 0.77152 0.15431
0.61721 -0.77152 -0.15431
0.77152 0.61721 -0.15431
-0.77152 -0.61721 0.15431
0.77152 0.61721 0.15431
-0.77152 -0.61721 -0.15431
0.15431 0.61721 -0.77152
-0.15431 -0.61721 0.77152
0.15431 0.61721 0.77152
-0.15431 -0.61721 -0.77152
-0.15431 0.61721 -0.77152
0.15431 -0.61721 0.77152
-0.15431 0.61721 0.77152
0.15431 -0.61721 -0.77152
-0.77152 0.61721 -0.15431
0.77152 -0.61721 0.15431
-0.77152 0.61721 0.15431
0.77152 -0.61721 -0.15431
0.77152 0.15431 -0.61721
-0.77152 -0.15431 0.61721
0.77152 0.15431 0.61721
-0.77152 -0.15431 -0.61721
0.61721 0.15431 -0.77152
-0.61721 -0.15431 0.77152
0.61721 0.15431 0.77152
-0.61721 -0.15431 -0.77152
-0.61721 0.15431 -0.77152
0.61721 -0.15431 0.77152
-0.61721 0.15431 0.77152
0.61721 -0.15431 -0.77152
-0.77152 0.15431 -0.61721
0.77152 -0.15431 0.61721
-0.77152 0.15431 0.61721
0.77152 -0.15431 -0.61721
0.45749 0.7625 -0.45749
-0.45749 -0.7625 0.45749
0.45749 0.7625 0.45749
-0.45749 -0.7625 -0.45749
-0.45749 0.7625 -0.45749
0.45749 -0.7625 0.45749
-0.45749 0.7625 0.45749
0.45749 -0.7625 -0.45749
0.7625 0.45749 -0.45749
-0.7625 -0.45749 0.45749
0.7625 0.45749 0.45749
-0.7625 -0.45749 -0.45749
0.45749 0.45749 -0.7625
-0.45749 -0.45749 0.7625
0.45749 0.45749 0.7625
-0.45749 -0.45749 -0.7625
-0.45749 0.45749 -0.7625
0.45749 -0.45749 0.7625
-0.45749 0.45749 0.7625
0.45749 -0.45749 -0.7625
-0.7625 0.45749 -0.45749
0.7625 -0.45749 0.45749
-0.7625 0.45749 0.45749
0.7625 -0.45749 -0.45749
0.30151 0.90454 -0.30151
-0.30151 -0.90454 0.30151
0.30151 0.90454 0.30151
-0.30151 -0.90454 -0.30151
-0.30151 0.90454 -0.30151
0.30151 -0.90454 0.30151
-0.30151 0.90454 0.30151
0.30151 -0.90454 -0.30151
0.90454 0.30151 -0.30151
-0.90454 -0.30151 0.30151
0.90454 0.30151 0.30151
-0.90454 -0.30151 -0.30151
0.30151 0.30151 -0.90454
-0.30151 -0.30151 0.90454
0.30151 0.30151 0.90454
-0.30151 -0.30151 -0.90454
-0.30151 0.30151 -0.90454
0.30151 -0.30151 0.90454
-0.30151 0.30151 0.90454
0.30151 -0.30151 -0.90454
-0.90454 0.30151 -0.30151
0.90454 -0.30151 0.30151
-0.90454 0.30151 0.30151
0.90454 -0.30151 -0.30151
0.44721 0.89443 0
-0.44721 -0.89443 0
-0 0.89443 -0.44721
-0 -0.89443 0.44721
-0 0.89443 0.44721
-0 -0.89443 -0.44721
-0.44721 0.89443 0
0.44721 -0.89443 0
0.59628 0.74536 -0.29814
-0.59628 -0.74536 0.29814
0.59628 0.74536 0.29814
-0.59628 -0.74536 -0.29814
0.29814 0.74536 -0.59628
-0.29814 -0.74536 0.59628
0.29814 0.74536 0.59628
-0.29814 -0.74536 -0.59628
-0.29814 0.74536 -0.59628
0.29814 -0.74536 0.59628
-0.29814 0.74536 0.59628
0.29814 -0.74536 -0.59628
-0.59628 0.74536 -0.29814
0.59628 -0.74536 0.29814
-0.59628 0.74536 0.29814
0.59628 -0.74536 -0.29814
0.74536 0.59628 -0.29814
-0.74536 -0.59628 0.29814
0.74536 0.59628 0.29814
-0.74536 -0.59628 -0.29814
0.29814 0.59628 -0.74536
-0.29814 -0.59628 0.74536
0.29814 0.59628 0.74536
-0.29814 -0.59628 -0.74536
-0.29814 0.59628 -0.74536
0.29814 -0.59628 0.74536
-0.29814 0.59628 0.74536
0.29814 -0.59628 -0.74536
-0.74536 0.59628 -0.29814
0.74536 -0.59628 0.29814
-0.74536 0.59628 0.29814
0.74536 -0.59628 -0.29814
0.89443 0.44721 0
-0.89443 -0.44721 0
-0 0.44721 -0.89443
-0 -0.44721 0.89443
-0 0.44721 0.89443
-0 -0.44721 -0.89443
-0.89443 0.44721 0
0.89443 -0.44721 0
0.74536 0.29814 -0.59628
-0.74536 -0.29814 0.59628
0.74536 0.29814 0.59628
-0.74536 -0.29814 -0.59628
0.59628 0.29814 -0.74536
-0.59628 -0.29814 0.74536
0.59628 0.29814 0.74536
-0.59628 -0.29814 -0.74536
-0.59628 0.29814 -0.74536
0.59628 -0.29814 0.74536
-0.59628 0.29814 0.74536
0.59628 -0.29814 -0.74536
-0.74536 0.29814 -0.59628
0.74536 -0.29814 0.59628
-0.74536 0.29814 0.59628
0.74536 -0.29814 -0.59628
0.89443 -0 -0.44721
-0.89443 -0 0.44721
0.89443 -0 0.44721
-0.89443 -0 -0.44721
0.44721 -0 -0.89443
-0.44721 -0 0.89443
0.44721 -0 0.89443
-0.44721 -0 -0.89443
0.44233 0.88465 -0.14745
-0.44233 -0.88465 0.14745
0.44233 0.88465 0.14745
-0.44233 -0.88465 -0.14745
0.14745 0.88465 -0.44233
-0.14745 -0.88465 0.44233
0.14745 0.88465 0.44233
-0.14745 -0.88465 -0.44233
-0.14745 0.88465 -0.44233
0.14745 -0.88465 0.44233
-0.14745 0.88465 0.44233
0.14745 -0.88465 -0.44233
-0.44233 0.88465 -0.14745
0.44233 -0.88465 0.14745
-0.44233 0.88465 0.14745
0.44233 -0.88465 -0.14745
0.88465 0.44233 -0.14745
-0.88465 -0.44233 0.14745
0.88465 0.44233 0.14745
-0.88465 -0.44233 -0.14745
0.14745 0.44233 -0.88465
-0.14745 -0.44233 0.88465
0.14745 0.44233 0.88465
-0.14745 -0.44233 -0.88465
-0.14745 0.44233 -0.88465
0.14745 -0.44233 0.88465
-0.14745 0.44233 0.88465
0.14745 -0.44233 -0.88465
-0.88465 0.44233 -0.14745
0.88465 -0.44233 0.14745
-0.88465 0.44233 0.14745
0.88465 -0.44233 -0.14745
0.88465 0.14745 -0.44233
-0.88465 -0.14745 0.44233
0.88465 0.14745 0.44233
-0.88465 -0.14745 -0.44233
0.44233 0.14745 -0.88465
-0.44233 -0.14745 0.88465
0.44233 0.14745 0.88465
-0.44233 -0.14745 -0.88465
-0.44233 0.14745 -0.88465
0.44233 -0.14745 0.88465
-0.44233 0.14745 0.88465
0.44233 -0.14745 -0.88465
-0.88465 0.14745 -0.44233
0.88465 -0.14745 0.44233
-0.88465 0.14745 0.44233
0.88465 -0.14745 -0.44233
0.57735 0.57735 -0.57735
-0.57735 -0.57735 0.57735
0.57735 0.57735 0.57735
-0.57735 -0.57735 -0.57735
-0.57735 0.57735 -0.57735
0.57735 -0.57735 0.57735
-0.57735 0.57735 0.57735
0.57735 -0.57735 -0.57735
0.42857 0.28571 0.85714
-0.42857 -0.28571 -0.85714
-0.42857 0.28571 -0.85714
0.42857 -0.28571 0.85714
-0.42857 0.28571 0.85714
0.42857 -0.28571 -0.85714
-0.85714 0.28571 -0.42857
0.85714 -0.28571 0.42857
-0.85714 0.28571 0.42857
0.85714 -0.28571 -0.42857
1 -0 0
-1 -0 0
-0 -0 -1
-0 -0 1
