0 0 0
-1 0 0
0 -1 0
0 0 -1
0 0 1
0 1 0
1 0 0
-0.70711 -0.70711 0
-0.70711 0 -0.70711
-0.70711 0 0.70711
-0.70711 0.70711 0
0 -0.70711 -0.70711
0 -0.70711 0.70711
0 0.70711 -0.70711
0 0.70711 0.70711
0.70711 -0.70711 0
0.70711 0 -0.70711
0.70711 0 0.70711
0.70711 0.70711 0
-0.57735 -0.57735 -0.57735
-0.57735 -0.57735 0.57735
-0.57735 0.57735 -0.57735
-0.57735 0.57735 0.57735
0.57735 -0.57735 -0.57735
0.57735 -0.57735 0.57735
0.57735 0.57735 -0.57735
0.57735 0.57735 0.57735
-1 0 0
0 -1 0
0 0 -1
0 0 1
0 1 0
1 0 0
-0.89443 -0.44721 0
-0.89443 0 -0.44721
-0.89443 0 0.44721
-0.89443 0.44721 0
-0.44721 -0.89443 0
-0.44721 0 -0.89443
-0.44721 0 0.89443
-0.44721 0.89443 0
0 -0.89443 -0.44721
0 -0.89443 0.44721
0 -0.44721 -0.89443
0 -0.44721 0.89443
0 0.44721 -0.89443
0 0.44721 0.89443
0 0.89443 -0.44721
0 0.89443 0.44721
0.44721 -0.89443 0
0.44721 0 -0.89443
0.44721 0 0.89443
0.44721 0.89443 0
0.89443 -0.44721 0
0.89443 0 -0.44721
0.89443 0 0.44721
0.89443 0.44721 0
-0.8165 -0.40825 -0.40825
-0.8165 -0.40825 0.40825
-0.8165 0.40825 -0.40825
-0.8165 0.40825 0.40825
-0.40825 -0.8165 -0.40825
-0.40825 -0.8165 0.40825
-0.40825 -0.40825 -0.8165
-0.40825 -0.40825 0.8165
-0.40825 0.40825 -0.8165
-0.40825 0.40825 0.8165
-0.40825 0.8165 -0.40825
-0.40825 0.8165 0.40825
0.40825 -0.8165 -0.40825
0.40825 -0.8165 0.40825
0.40825 -0.40825 -0.8165
0.40825 -0.40825 0.8165
0.40825 0.40825 -0.8165
0.40825 0.40825 0.8165
0.40825 0.8165 -0.40825
0.40825 0.8165 0.40825
0.8165 -0.40825 -0.40825
0.8165 -0.40825 0.40825
0.8165 0.40825 -0.40825
0.8165 0.40825 0.40825
-0.70711 -0.70711 0
-0.70711 0 -0.70711
-0.70711 0 0.70711
-0.70711 0.70711 0
0 -0.70711 -0.70711
0 -0.70711 0.70711
0 0.70711 -0.70711
0 0.70711 0.70711
0.70711 -0.70711 0
0.70711 0 -0.70711
0.70711 0 0.70711
0.70711 0.70711 0
-1 0 0
-0.66667 -0.66667 -0.33333
-0.66667 -0.66667 0.33333
-0.66667 -0.33333 -0.66667
-0.66667 -0.33333 0.66667
-0.66667 0.33333 -0.66667
-0.66667 0.33333 0.66667
-0.66667 0.66667 -0.33333
-0.66667 0.66667 0.33333
-0.33333 -0.66667 -0.66667
-0.33333 -0.66667 0.66667
-0.33333 0.66667 -0.66667
-0.33333 0.66667 0.66667
0 -1 0
0 0 -1
0 0 1
0 1 0
0.33333 -0.66667 -0.66667
0.33333 -0.66667 0.66667
0.33333 0.66667 -0.66667
0.33333 0.66667 0.66667
0.66667 -0.66667 -0.33333
0.66667 -0.66667 0.33333
0.66667 -0.33333 -0.66667
0.66667 -0.33333 0.66667
0.66667 0.33333 -0.66667
0.66667 0.33333 0.66667
0.66667 0.66667 -0.33333
0.66667 0.66667 0.33333
1 0 0
-0.94868 -0.31623 0
-0.94868 0 -0.31623
-0.94868 0 0.31623
-0.94868 0.31623 0
-0.31623 -0.94868 0
-0.31623 0 -0.94868
-0.31623 0 0.94868
-0.31623 0.94868 0
0 -0.94868 -0.31623
0 -0.94868 0.31623
0 -0.31623 -0.94868
0 -0.31623 0.94868
0 0.31623 -0.94868
0 0.31623 0.94868
0 0.94868 -0.31623
0 0.94868 0.31623
0.31623 -0.94868 0
0.31623 0 -0.94868
0.31623 0 0.94868
0.31623 0.94868 0
0.94868 -0.31623 0
0.94868 0 -0.31623
0.94868 0 0.31623
0.94868 0.31623 0
-0.90453 -0.30151 -0.30151
-0.90453 -0.30151 0.30151
-0.90453 0.30151 -0.30151
-0.90453 0.30151 0.30151
-0.30151 -0.90453 -0.30151
-0.30151 -0.90453 0.30151
-0.30151 -0.30151 -0.90453
-0.30151 -0.30151 0.90453
-0.30151 0.30151 -0.90453
-0.30151 0.30151 0.90453
-0.30151 0.90453 -0.30151
-0.30151 0.90453 0.30151
0.30151 -0.90453 -0.30151
0.30151 -0.90453 0.30151
0.30151 -0.30151 -0.90453
0.30151 -0.30151 0.90453
0.30151 0.30151 -0.90453
0.30151 0.30151 0.90453
0.30151 0.90453 -0.30151
0.30151 0.90453 0.30151
0.90453 -0.30151 -0.30151
0.90453 -0.30151 0.30151
0.90453 0.30151 -0.30151
0.90453 0.30151 0.30151
-0.57735 -0.57735 -0.57735
-0.57735 -0.57735 0.57735
-0.57735 0.57735 -0.57735
-0.57735 0.57735 0.57735
0.57735 -0.57735 -0.57735
0.57735 -0.57735 0.57735
0.57735 0.57735 -0.57735
0.57735 0.57735 0.57735
-0.83205 -0.5547 0
-0.83205 0 -0.5547
-0.83205 0 0.5547
-0.83205 0.5547 0
-0.5547 -0.83205 0
-0.5547 0 -0.83205
-0.5547 0 0.83205
-0.5547 0.83205 0
0 -0.83205 -0.5547
0 -0.83205 0.5547
0 -0.5547 -0.83205
0 -0.5547 0.83205
0 0.5547 -0.83205
0 0.5547 0.83205
0 0.83205 -0.5547
0 0.83205 0.5547
0.5547 -0.83205 0
0.5547 0 -0.83205
0.5547 0 0.83205
0.5547 0.83205 0
0.83205 -0.5547 0
0.83205 0 -0.5547
0.83205 0 0.5547
0.83205 0.5547 0
-0.80178 -0.53452 -0.26726
-0.80178 -0.53452 0.26726
-0.80178 -0.26726 -0.53452
-0.80178 -0.26726 0.53452
-0.80178 0.26726 -0.53452
-0.80178 0.26726 0.53452
-0.80178 0.53452 -0.26726
-0.80178 0.53452 0.26726
-0.53452 -0.80178 -0.26726
-0.53452 -0.80178 0.26726
-0.53452 -0.26726 -0.80178
-0.53452 -0.26726 0.80178
-0.53452 0.26726 -0.80178
-0.53452 0.26726 0.80178
-0.53452 0.80178 -0.26726
-0.53452 0.80178 0.26726
-0.26726 -0.80178 -0.53452
-0.26726 -0.80178 0.53452
-0.26726 -0.53452 -0.80178
-0.26726 -0.53452 0.80178
-0.26726 0.53452 -0.80178
-0.26726 0.53452 0.80178
-0.26726 0.80178 -0.53452
-0.26726 0.80178 0.53452
0.26726 -0.80178 -0.53452
0.26726 -0.80178 0.53452
0.26726 -0.53452 -0.80178
0.26726 -0.53452 0.80178
0.26726 0.53452 -0.80178
0.26726 0.53452 0.80178
0.26726 0.80178 -0.53452
0.26726 0.80178 0.53452
0.53452 -0.80178 -0.26726
0.53452 -0.80178 0.26726
0.53452 -0.26726 -0.80178
0.53452 -0.26726 0.80178
0.53452 0.26726 -0.80178
0.53452 0.26726 0.80178
0.53452 0.80178 -0.26726
0.53452 0.80178 0.26726
0.80178 -0.53452 -0.26726
0.80178 -0.53452 0.26726
0.80178 -0.26726 -0.53452
0.80178 -0.26726 0.53452
0.80178 0.26726 -0.53452
0.80178 0.26726 0.53452
0.80178 0.53452 -0.26726
0.80178 0.53452 0.26726
-1 0 0
0 -1 0
0 0 -1
0 0 1
0 1 0
1 0 0
-0.97014 -0.24254 0
-0.97014 0 -0.24254
-0.97014 0 0.24254
-0.97014 0.24254 0
-0.72761 -0.48507 -0.48507
-0.72761 -0.48507 0.48507
-0.72761 0.48507 -0.48507
-0.72761 0.48507 0.48507
-0.48507 -0.72761 -0.48507
-0.48507 -0.72761 0.48507
-0.48507 -0.48507 -0.72761
-0.48507 -0.48507 0.72761
-0.48507 0.48507 -0.72761
-0.48507 0.48507 0.72761
-0.48507 0.72761 -0.48507
-0.48507 0.72761 0.48507
-0.24254 -0.97014 0
-0.24254 0 -0.97014
-0.24254 0 0.97014
-0.24254 0.97014 0
0 -0.97014 -0.24254
0 -0.97014 0.24254
0 -0.24254 -0.97014
0 -0.24254 0.97014
0 0.24254 -0.97014
0 0.24254 0.97014
0 0.97014 -0.24254
0 0.97014 0.24254
0.24254 -0.97014 0
0.24254 0 -0.97014
0.24254 0 0.97014
0.24254 0.97014 0
0.48507 -0.72761 -0.48507
0.48507 -0.72761 0.48507
0.48507 -0.48507 -0.72761
0.48507 -0.48507 0.72761
0.48507 0.48507 -0.72761
0.48507 0.48507 0.72761
0.48507 0.72761 -0.48507
0.48507 0.72761 0.48507
0.72761 -0.48507 -0.48507
0.72761 -0.48507 0.48507
0.72761 0.48507 -0.48507
0.72761 0.48507 0.48507
0.97014 -0.24254 0
0.97014 0 -0.24254
0.97014 0 0.24254
0.97014 0.24254 0
-0.94281 -0.2357 -0.2357
-0.94281 -0.2357 0.2357
-0.94281 0.2357 -0.2357
-0.94281 0.2357 0.2357
-0.70711 -0.70711 0
-0.70711 0 -0.70711
-0.70711 0 0.70711
-0.70711 0.70711 0
-0.2357 -0.94281 -0.2357
-0.2357 -0.94281 0.2357
-0.2357 -0.2357 -0.94281
-0.2357 -0.2357 0.94281
-0.2357 0.2357 -0.94281
-0.2357 0.2357 0.94281
-0.2357 0.94281 -0.2357
-0.2357 0.94281 0.2357
0 -0.70711 -0.70711
0 -0.70711 0.70711
0 0.70711 -0.70711
0 0.70711 0.70711
0.2357 -0.94281 -0.2357
0.2357 -0.94281 0.2357
0.2357 -0.2357 -0.94281
0.2357 -0.2357 0.94281
0.2357 0.2357 -0.94281
0.2357 0.2357 0.94281
0.2357 0.94281 -0.2357
0.2357 0.94281 0.2357
0.70711 -0.70711 0
0.70711 0 -0.70711
0.70711 0 0.70711
0.70711 0.70711 0
0.94281 -0.2357 -0.2357
0.94281 -0.2357 0.2357
0.94281 0.2357 -0.2357
0.94281 0.2357 0.2357
-0.68825 -0.68825 -0.22942
-0.68825 -0.68825 0.22942
-0.68825 -0.22942 -0.68825
-0.68825 -0.22942 0.68825
-0.68825 0.22942 -0.68825
-0.68825 0.22942 0.68825
-0.68825 0.68825 -0.22942
-0.68825 0.68825 0.22942
-0.22942 -0.68825 -0.68825
-0.22942 -0.68825 0.68825
-0.22942 0.68825 -0.68825
-0.22942 0.68825 0.68825
0.22942 -0.68825 -0.68825
0.22942 -0.68825 0.68825
0.22942 0.68825 -0.68825
0.22942 0.68825 0.68825
0.68825 -0.68825 -0.22942
0.68825 -0.68825 0.22942
0.68825 -0.22942 -0.68825
0.68825 -0.22942 0.68825
0.68825 0.22942 -0.68825
0.68825 0.22942 0.68825
0.68825 0.68825 -0.22942
0.68825 0.68825 0.22942
-0.89443 -0.44721 0
-0.89443 0 -0.44721
-0.89443 0 0.44721
-0.89443 0.44721 0
-0.44721 -0.89443 0
-0.44721 0 -0.89443
-0.44721 0 0.89443
-0.44721 0.89443 0
0 -0.89443 -0.44721
0 -0.89443 0.44721
0 -0.44721 -0.89443
0 -0.44721 0.89443
0 0.44721 -0.89443
0 0.44721 0.89443
0 0.89443 -0.44721
0 0.89443 0.44721
0.44721 -0.89443 0
0.44721 0 -0.89443
0.44721 0 0.89443
0.44721 0.89443 0
0.89443 -0.44721 0
0.89443 0 -0.44721
0.89443 0 0.44721
0.89443 0.44721 0
-0.87287 -0.43644 -0.21822
-0.87287 -0.43644 0.21822
-0.87287 -0.21822 -0.43644
-0.87287 -0.21822 0.43644
-0.87287 0.21822 -0.43644
-0.87287 0.21822 0.43644
-0.87287 0.43644 -0.21822
-0.87287 0.43644 0.21822
-0.43644 -0.87287 -0.21822
-0.43644 -0.87287 0.21822
-0.43644 -0.21822 -0.87287
-0.43644 -0.21822 0.87287
-0.43644 0.21822 -0.87287
-0.43644 0.21822 0.87287
-0.43644 0.87287 -0.21822
-0.43644 0.87287 0.21822
-0.21822 -0.87287 -0.43644
-0.21822 -0.87287 0.43644
-0.21822 -0.43644 -0.87287
-0.21822 -0.43644 0.87287
-0.21822 0.43644 -0.87287
-0.21822 0.43644 0.87287
-0.21822 0.87287 -0.43644
-0.21822 0.87287 0.43644
0.21822 -0.87287 -0.43644
0.21822 -0.87287 0.43644
0.21822 -0.43644 -0.87287
0.21822 -0.43644 0.87287
0.21822 0.43644 -0.87287
0.21822 0.43644 0.87287
0.21822 0.87287 -0.43644
0.21822 0.87287 0.43644
0.43644 -0.87287 -0.21822
0.43644 -0.87287 0.21822
0.43644 -0.21822 -0.87287
0.43644 -0.21822 0.87287
0.43644 0.21822 -0.87287
0.43644 0.21822 0.87287
0.43644 0.87287 -0.21822
0.43644 0.87287 0.21822
0.87287 -0.43644 -0.21822
0.87287 -0.43644 0.21822
0.87287 -0.21822 -0.43644
0.87287 -0.21822 0.43644
0.87287 0.21822 -0.43644
0.87287 0.21822 0.43644
0.87287 0.43644 -0.21822
0.87287 0.43644 0.21822
-0.6396 -0.6396 -0.4264
-0.6396 -0.6396 0.4264
-0.6396 -0.4264 -0.6396
-0.6396 -0.4264 0.6396
-0.6396 0.4264 -0.6396
-0.6396 0.4264 0.6396
-0.6396 0.6396 -0.4264
-0.6396 0.6396 0.4264
-0.4264 -0.6396 -0.6396
-0.4264 -0.6396 0.6396
-0.4264 0.6396 -0.6396
-0.4264 0.6396 0.6396
0.4264 -0.6396 -0.6396
0.4264 -0.6396 0.6396
0.4264 0.6396 -0.6396
0.4264 0.6396 0.6396
0.6396 -0.6396 -0.4264
0.6396 -0.6396 0.4264
0.6396 -0.4264 -0.6396
0.6396 -0.4264 0.6396
0.6396 0.4264 -0.6396
0.6396 0.4264 0.6396
0.6396 0.6396 -0.4264
0.6396 0.6396 0.4264
-0.8165 -0.40825 -0.40825
-0.8165 -0.40825 0.40825
-0.8165 0.40825 -0.40825
-0.8165 0.40825 0.40825
-0.40825 -0.8165 -0.40825
-0.40825 -0.8165 0.40825
-0.40825 -0.40825 -0.8165
-0.40825 -0.40825 0.8165
-0.40825 0.40825 -0.8165
-0.40825 0.40825 0.8165
-0.40825 0.8165 -0.40825
-0.40825 0.8165 0.40825
0.40825 -0.8165 -0.40825
0.40825 -0.8165 0.40825
0.40825 -0.40825 -0.8165
0.40825 -0.40825 0.8165
0.40825 0.40825 -0.8165
0.40825 0.40825 0.8165
0.40825 0.8165 -0.40825
0.40825 0.8165 0.40825
0.8165 -0.40825 -0.40825
0.8165 -0.40825 0.40825
0.8165 0.40825 -0.40825
0.8165 0.40825 0.40825
-1 0 0
-0.8 -0.6 0
-0.8 0 -0.6
-0.8 0 0.6
-0.8 0.6 0
-0.6 -0.8 0
-0.6 0 -0.8
-0.6 0 0.8
-0.6 0.8 0
0 -1 0
0 -0.8 -0.6
0 -0.8 0.6
0 -0.6 -0.8
0 -0.6 0.8
0 0 -1
0 0 1
0 0.6 -0.8
0 0.6 0.8
0 0.8 -0.6
0 0.8 0.6
0 1 0
0.6 -0.8 0
0.6 0 -0.8
0.6 0 0.8
0.6 0.8 0
0.8 -0.6 0
0.8 0 -0.6
0.8 0 0.6
0.8 0.6 0
1 0 0
