0
280
280
280
280
280
280
560
560
560
560
560
560
560
560
560
560
560
560
840
840
840
840
840
840
840
840
1120
1120
1120
1120
1120
1120
1400
1400
1400
1400
1400
1400
1400
1400
1400
1400
1400
1400
1400
1400
1400
1400
1400
1400
1400
1400
1400
1400
1400
1400
1680
1680
1680
1680
1680
1680
1680
1680
1680
1680
1680
1680
1680
1680
1680
1680
1680
1680
1680
1680
1680
1680
1680
1680
2240
2240
2240
2240
2240
2240
2240
2240
2240
2240
2240
2240
2520
2520
2520
2520
2520
2520
2520
2520
2520
2520
2520
2520
2520
2520
2520
2520
2520
2520
2520
2520
2520
2520
2520
2520
2520
2520
2520
2520
2520
2520
2800
2800
2800
2800
2800
2800
2800
2800
2800
2800
2800
2800
2800
2800
2800
2800
2800
2800
2800
2800
2800
2800
2800
2800
3080
3080
3080
3080
3080
3080
3080
3080
3080
3080
3080
3080
3080
3080
3080
3080
3080
3080
3080
3080
3080
3080
3080
3080
3360
3360
3360
3360
3360
3360
3360
3360
3640
3640
3640
3640
3640
3640
3640
3640
3640
3640
3640
3640
3640
3640
3640
3640
3640
3640
3640
3640
3640
3640
3640
3640
3920
3920
3920
3920
3920
3920
3920
3920
3920
3920
3920
3920
3920
3920
3920
3920
3920
3920
3920
3920
3920
3920
3920
3920
3920
3920
3920
3920
3920
3920
3920
3920
3920
3920
3920
3920
3920
3920
3920
3920
3920
3920
3920
3920
3920
3920
3920
3920
4480
4480
4480
4480
4480
4480
4760
4760
4760
4760
4760
4760
4760
4760
4760
4760
4760
4760
4760
4760
4760
4760
4760
4760
4760
4760
4760
4760
4760
4760
4760
4760
4760
4760
4760
4760
4760
4760
4760
4760
4760
4760
4760
4760
4760
4760
4760
4760
4760
4760
4760
4760
4760
4760
5040
5040
5040
5040
5040
5040
5040
5040
5040
5040
5040
5040
5040
5040
5040
5040
5040
5040
5040
5040
5040
5040
5040
5040
5040
5040
5040
5040
5040
5040
5040
5040
5040
5040
5040
5040
5320
5320
5320
5320
5320
5320
5320
5320
5320
5320
5320
5320
5320
5320
5320
5320
5320
5320
5320
5320
5320
5320
5320
5320
5600
5600
5600
5600
5600
5600
5600
5600
5600
5600
5600
5600
5600
5600
5600
5600
5600
5600
5600
5600
5600
5600
5600
5600
5880
5880
5880
5880
5880
5880
5880
5880
5880
5880
5880
5880
5880
5880
5880
5880
5880
5880
5880
5880
5880
5880
5880
5880
5880
5880
5880
5880
5880
5880
5880
5880
5880
5880
5880
5880
5880
5880
5880
5880
5880
5880
5880
5880
5880
5880
5880
5880
6160
6160
6160
6160
6160
6160
6160
6160
6160
6160
6160
6160
6160
6160
6160
6160
6160
6160
6160
6160
6160
6160
6160
6160
6720
6720
6720
6720
6720
6720
6720
6720
6720
6720
6720
6720
6720
6720
6720
6720
6720
6720
6720
6720
6720
6720
6720
6720
7000
7000
7000
7000
7000
7000
7000
7000
7000
7000
7000
7000
7000
7000
7000
7000
7000
7000
7000
7000
7000
7000
7000
7000
7000
7000
7000
7000
7000
7000
