0
400
400
400
400
400
400
800
800
800
800
800
800
800
800
800
800
800
800
1200
1200
1200
1200
1200
1200
1200
1200
1600
1600
1600
1600
1600
1600
2000
2000
2000
2000
2000
2000
2000
2000
2000
2000
2000
2000
2000
2000
2000
2000
2000
2000
2000
2000
2000
2000
2000
2000
2400
2400
2400
2400
2400
2400
2400
2400
2400
2400
2400
2400
2400
2400
2400
2400
2400
2400
2400
2400
2400
2400
2400
2400
3200
3200
3200
3200
3200
3200
3200
3200
3200
3200
3200
3200
3600
3600
3600
3600
3600
3600
3600
3600
3600
3600
3600
3600
3600
3600
3600
3600
3600
3600
3600
3600
3600
3600
3600
3600
3600
3600
3600
3600
3600
3600
4000
4000
4000
4000
4000
4000
4000
4000
4000
4000
4000
4000
4000
4000
4000
4000
4000
4000
4000
4000
4000
4000
4000
4000
4400
4400
4400
4400
4400
4400
4400
4400
4400
4400
4400
4400
4400
4400
4400
4400
4400
4400
4400
4400
4400
4400
4400
4400
4800
4800
4800
4800
4800
4800
4800
4800
5200
5200
5200
5200
5200
5200
5200
5200
5200
5200
5200
5200
5200
5200
5200
5200
5200
5200
5200
5200
5200
5200
5200
5200
5600
5600
5600
5600
5600
5600
5600
5600
5600
5600
5600
5600
5600
5600
5600
5600
5600
5600
5600
5600
5600
5600
5600
5600
5600
5600
5600
5600
5600
5600
5600
5600
5600
5600
5600
5600
5600
5600
5600
5600
5600
5600
5600
5600
5600
5600
5600
5600
6400
6400
6400
6400
6400
6400
6800
6800
6800
6800
6800
6800
6800
6800
6800
6800
6800
6800
6800
6800
6800
6800
6800
6800
6800
6800
6800
6800
6800
6800
6800
6800
6800
6800
6800
6800
6800
6800
6800
6800
6800
6800
6800
6800
6800
6800
6800
6800
6800
6800
6800
6800
6800
6800
7200
7200
7200
7200
7200
7200
7200
7200
7200
7200
7200
7200
7200
7200
7200
7200
7200
7200
7200
7200
7200
7200
7200
7200
7200
7200
7200
7200
7200
7200
7200
7200
7200
7200
7200
7200
7600
7600
7600
7600
7600
7600
7600
7600
7600
7600
7600
7600
7600
7600
7600
7600
7600
7600
7600
7600
7600
7600
7600
7600
8000
8000
8000
8000
8000
8000
8000
8000
8000
8000
8000
8000
8000
8000
8000
8000
8000
8000
8000
8000
8000
8000
8000
8000
8400
8400
8400
8400
8400
8400
8400
8400
8400
8400
8400
8400
8400
8400
8400
8400
8400
8400
8400
8400
8400
8400
8400
8400
8400
8400
8400
8400
8400
8400
8400
8400
8400
8400
8400
8400
8400
8400
8400
8400
8400
8400
8400
8400
8400
8400
8400
8400
8800
8800
8800
8800
8800
8800
8800
8800
8800
8800
8800
8800
8800
8800
8800
8800
8800
8800
8800
8800
8800
8800
8800
8800
9600
9600
9600
9600
9600
9600
9600
9600
9600
9600
9600
9600
9600
9600
9600
9600
9600
9600
9600
9600
9600
9600
9600
9600
10000
10000
10000
10000
10000
10000
10000
10000
10000
10000
10000
10000
10000
10000
10000
10000
10000
10000
10000
10000
10000
10000
10000
10000
10000
10000
10000
10000
10000
10000